V1	I(D1)
-1.000000000000000e+01	-7.731216e-03
-9.990000000000000e+00	-7.721275e-03
-9.980000000000000e+00	-7.711334e-03
-9.970000000000001e+00	-7.701394e-03
-9.960000000000001e+00	-7.691453e-03
-9.949999999999999e+00	-7.681513e-03
-9.940000000000000e+00	-7.671573e-03
-9.930000000000000e+00	-7.661633e-03
-9.920000000000000e+00	-7.651693e-03
-9.910000000000000e+00	-7.641753e-03
-9.900000000000000e+00	-7.631813e-03
-9.890000000000001e+00	-7.621873e-03
-9.880000000000001e+00	-7.611933e-03
-9.869999999999999e+00	-7.601993e-03
-9.859999999999999e+00	-7.592054e-03
-9.850000000000000e+00	-7.582114e-03
-9.840000000000000e+00	-7.572175e-03
-9.830000000000000e+00	-7.562235e-03
-9.820000000000000e+00	-7.552295e-03
-9.810000000000000e+00	-7.542356e-03
-9.800000000000001e+00	-7.532417e-03
-9.789999999999999e+00	-7.522478e-03
-9.779999999999999e+00	-7.512539e-03
-9.770000000000000e+00	-7.502600e-03
-9.760000000000000e+00	-7.492661e-03
-9.750000000000000e+00	-7.482722e-03
-9.740000000000000e+00	-7.472783e-03
-9.730000000000000e+00	-7.462845e-03
-9.720000000000001e+00	-7.452906e-03
-9.710000000000001e+00	-7.442968e-03
-9.699999999999999e+00	-7.433029e-03
-9.690000000000000e+00	-7.423091e-03
-9.680000000000000e+00	-7.413153e-03
-9.670000000000000e+00	-7.403214e-03
-9.660000000000000e+00	-7.393276e-03
-9.650000000000000e+00	-7.383338e-03
-9.640000000000001e+00	-7.373400e-03
-9.630000000000001e+00	-7.363462e-03
-9.619999999999999e+00	-7.353524e-03
-9.609999999999999e+00	-7.343587e-03
-9.600000000000000e+00	-7.333649e-03
-9.590000000000000e+00	-7.323711e-03
-9.580000000000000e+00	-7.313774e-03
-9.570000000000000e+00	-7.303836e-03
-9.560000000000000e+00	-7.293899e-03
-9.550000000000001e+00	-7.283962e-03
-9.539999999999999e+00	-7.274025e-03
-9.529999999999999e+00	-7.264087e-03
-9.520000000000000e+00	-7.254150e-03
-9.510000000000000e+00	-7.244213e-03
-9.500000000000000e+00	-7.234277e-03
-9.490000000000000e+00	-7.224340e-03
-9.480000000000000e+00	-7.214403e-03
-9.470000000000001e+00	-7.204466e-03
-9.460000000000001e+00	-7.194530e-03
-9.449999999999999e+00	-7.184593e-03
-9.440000000000000e+00	-7.174657e-03
-9.430000000000000e+00	-7.164721e-03
-9.420000000000000e+00	-7.154785e-03
-9.410000000000000e+00	-7.144848e-03
-9.400000000000000e+00	-7.134913e-03
-9.390000000000001e+00	-7.124977e-03
-9.380000000000001e+00	-7.115041e-03
-9.369999999999999e+00	-7.105105e-03
-9.359999999999999e+00	-7.095169e-03
-9.350000000000000e+00	-7.085233e-03
-9.340000000000000e+00	-7.075298e-03
-9.330000000000000e+00	-7.065363e-03
-9.320000000000000e+00	-7.055427e-03
-9.310000000000000e+00	-7.045492e-03
-9.300000000000001e+00	-7.035557e-03
-9.289999999999999e+00	-7.025622e-03
-9.279999999999999e+00	-7.015687e-03
-9.270000000000000e+00	-7.005752e-03
-9.260000000000000e+00	-6.995817e-03
-9.250000000000000e+00	-6.985882e-03
-9.240000000000000e+00	-6.975948e-03
-9.230000000000000e+00	-6.966013e-03
-9.220000000000001e+00	-6.956079e-03
-9.210000000000001e+00	-6.946144e-03
-9.199999999999999e+00	-6.936210e-03
-9.190000000000000e+00	-6.926276e-03
-9.180000000000000e+00	-6.916342e-03
-9.170000000000000e+00	-6.906408e-03
-9.160000000000000e+00	-6.896474e-03
-9.150000000000000e+00	-6.886540e-03
-9.140000000000001e+00	-6.876606e-03
-9.130000000000001e+00	-6.866673e-03
-9.119999999999999e+00	-6.856739e-03
-9.109999999999999e+00	-6.846806e-03
-9.100000000000000e+00	-6.836872e-03
-9.090000000000000e+00	-6.826939e-03
-9.080000000000000e+00	-6.817006e-03
-9.070000000000000e+00	-6.807073e-03
-9.060000000000000e+00	-6.797140e-03
-9.050000000000001e+00	-6.787207e-03
-9.039999999999999e+00	-6.777274e-03
-9.029999999999999e+00	-6.767341e-03
-9.020000000000000e+00	-6.757408e-03
-9.010000000000000e+00	-6.747476e-03
-9.000000000000000e+00	-6.737544e-03
-8.990000000000000e+00	-6.727611e-03
-8.980000000000000e+00	-6.717679e-03
-8.970000000000001e+00	-6.707747e-03
-8.960000000000001e+00	-6.697815e-03
-8.949999999999999e+00	-6.687883e-03
-8.940000000000000e+00	-6.677951e-03
-8.930000000000000e+00	-6.668020e-03
-8.920000000000000e+00	-6.658088e-03
-8.910000000000000e+00	-6.648156e-03
-8.900000000000000e+00	-6.638225e-03
-8.890000000000001e+00	-6.628294e-03
-8.879999999999999e+00	-6.618362e-03
-8.869999999999999e+00	-6.608431e-03
-8.859999999999999e+00	-6.598500e-03
-8.850000000000000e+00	-6.588569e-03
-8.840000000000000e+00	-6.578638e-03
-8.830000000000000e+00	-6.568708e-03
-8.820000000000000e+00	-6.558777e-03
-8.810000000000000e+00	-6.548846e-03
-8.800000000000001e+00	-6.538916e-03
-8.789999999999999e+00	-6.528986e-03
-8.779999999999999e+00	-6.519055e-03
-8.770000000000000e+00	-6.509125e-03
-8.760000000000000e+00	-6.499195e-03
-8.750000000000000e+00	-6.489265e-03
-8.740000000000000e+00	-6.479335e-03
-8.730000000000000e+00	-6.469406e-03
-8.720000000000001e+00	-6.459476e-03
-8.710000000000001e+00	-6.449547e-03
-8.699999999999999e+00	-6.439617e-03
-8.690000000000000e+00	-6.429688e-03
-8.680000000000000e+00	-6.419759e-03
-8.670000000000000e+00	-6.409830e-03
-8.660000000000000e+00	-6.399901e-03
-8.650000000000000e+00	-6.389972e-03
-8.640000000000001e+00	-6.380043e-03
-8.629999999999999e+00	-6.370115e-03
-8.619999999999999e+00	-6.360186e-03
-8.609999999999999e+00	-6.350257e-03
-8.600000000000000e+00	-6.340330e-03
-8.590000000000000e+00	-6.330401e-03
-8.580000000000000e+00	-6.320473e-03
-8.570000000000000e+00	-6.310545e-03
-8.560000000000000e+00	-6.300617e-03
-8.550000000000001e+00	-6.290690e-03
-8.539999999999999e+00	-6.280762e-03
-8.529999999999999e+00	-6.270834e-03
-8.520000000000000e+00	-6.260907e-03
-8.510000000000000e+00	-6.250980e-03
-8.500000000000000e+00	-6.241052e-03
-8.490000000000000e+00	-6.231125e-03
-8.480000000000000e+00	-6.221198e-03
-8.470000000000001e+00	-6.211272e-03
-8.460000000000001e+00	-6.201345e-03
-8.449999999999999e+00	-6.191419e-03
-8.440000000000000e+00	-6.181492e-03
-8.430000000000000e+00	-6.171566e-03
-8.420000000000000e+00	-6.161639e-03
-8.410000000000000e+00	-6.151713e-03
-8.400000000000000e+00	-6.141787e-03
-8.390000000000001e+00	-6.131861e-03
-8.379999999999999e+00	-6.121935e-03
-8.369999999999999e+00	-6.112010e-03
-8.359999999999999e+00	-6.102084e-03
-8.350000000000000e+00	-6.092159e-03
-8.340000000000000e+00	-6.082234e-03
-8.330000000000000e+00	-6.072308e-03
-8.320000000000000e+00	-6.062383e-03
-8.310000000000000e+00	-6.052458e-03
-8.300000000000001e+00	-6.042534e-03
-8.289999999999999e+00	-6.032609e-03
-8.279999999999999e+00	-6.022684e-03
-8.270000000000000e+00	-6.012760e-03
-8.260000000000000e+00	-6.002835e-03
-8.250000000000000e+00	-5.992911e-03
-8.240000000000000e+00	-5.982987e-03
-8.230000000000000e+00	-5.973063e-03
-8.220000000000001e+00	-5.963140e-03
-8.210000000000001e+00	-5.953216e-03
-8.199999999999999e+00	-5.943292e-03
-8.190000000000000e+00	-5.933369e-03
-8.180000000000000e+00	-5.923446e-03
-8.170000000000000e+00	-5.913523e-03
-8.160000000000000e+00	-5.903599e-03
-8.150000000000000e+00	-5.893677e-03
-8.140000000000001e+00	-5.883754e-03
-8.129999999999999e+00	-5.873831e-03
-8.119999999999999e+00	-5.863909e-03
-8.109999999999999e+00	-5.853986e-03
-8.100000000000000e+00	-5.844064e-03
-8.090000000000000e+00	-5.834142e-03
-8.080000000000000e+00	-5.824220e-03
-8.070000000000000e+00	-5.814298e-03
-8.060000000000000e+00	-5.804377e-03
-8.050000000000001e+00	-5.794455e-03
-8.039999999999999e+00	-5.784533e-03
-8.029999999999999e+00	-5.774612e-03
-8.020000000000000e+00	-5.764691e-03
-8.010000000000000e+00	-5.754770e-03
-8.000000000000000e+00	-5.744849e-03
-7.990000000000000e+00	-5.734928e-03
-7.980000000000000e+00	-5.725008e-03
-7.970000000000000e+00	-5.715087e-03
-7.960000000000000e+00	-5.705167e-03
-7.950000000000000e+00	-5.695247e-03
-7.940000000000000e+00	-5.685327e-03
-7.930000000000000e+00	-5.675407e-03
-7.920000000000000e+00	-5.665487e-03
-7.910000000000000e+00	-5.655568e-03
-7.900000000000000e+00	-5.645648e-03
-7.890000000000001e+00	-5.635729e-03
-7.880000000000000e+00	-5.625810e-03
-7.870000000000000e+00	-5.615890e-03
-7.859999999999999e+00	-5.605971e-03
-7.850000000000000e+00	-5.596053e-03
-7.840000000000000e+00	-5.586134e-03
-7.830000000000000e+00	-5.576216e-03
-7.820000000000000e+00	-5.566298e-03
-7.810000000000000e+00	-5.556379e-03
-7.800000000000000e+00	-5.546461e-03
-7.790000000000000e+00	-5.536544e-03
-7.779999999999999e+00	-5.526626e-03
-7.770000000000000e+00	-5.516708e-03
-7.760000000000000e+00	-5.506791e-03
-7.750000000000000e+00	-5.496874e-03
-7.740000000000000e+00	-5.486956e-03
-7.730000000000000e+00	-5.477040e-03
-7.720000000000000e+00	-5.467123e-03
-7.710000000000000e+00	-5.457206e-03
-7.699999999999999e+00	-5.447290e-03
-7.690000000000000e+00	-5.437373e-03
-7.680000000000000e+00	-5.427457e-03
-7.670000000000000e+00	-5.417541e-03
-7.660000000000000e+00	-5.407625e-03
-7.650000000000000e+00	-5.397710e-03
-7.640000000000001e+00	-5.387794e-03
-7.630000000000000e+00	-5.377879e-03
-7.620000000000000e+00	-5.367964e-03
-7.609999999999999e+00	-5.358049e-03
-7.600000000000000e+00	-5.348134e-03
-7.590000000000000e+00	-5.338219e-03
-7.580000000000000e+00	-5.328305e-03
-7.570000000000000e+00	-5.318390e-03
-7.560000000000000e+00	-5.308476e-03
-7.550000000000000e+00	-5.298562e-03
-7.540000000000000e+00	-5.288648e-03
-7.529999999999999e+00	-5.278734e-03
-7.520000000000000e+00	-5.268821e-03
-7.510000000000000e+00	-5.258908e-03
-7.500000000000000e+00	-5.248994e-03
-7.490000000000000e+00	-5.239081e-03
-7.480000000000000e+00	-5.229169e-03
-7.470000000000000e+00	-5.219256e-03
-7.460000000000000e+00	-5.209343e-03
-7.449999999999999e+00	-5.199431e-03
-7.440000000000000e+00	-5.189519e-03
-7.430000000000000e+00	-5.179607e-03
-7.420000000000000e+00	-5.169695e-03
-7.410000000000000e+00	-5.159783e-03
-7.400000000000000e+00	-5.149872e-03
-7.390000000000001e+00	-5.139960e-03
-7.380000000000000e+00	-5.130050e-03
-7.370000000000000e+00	-5.120139e-03
-7.359999999999999e+00	-5.110228e-03
-7.350000000000000e+00	-5.100317e-03
-7.340000000000000e+00	-5.090407e-03
-7.330000000000000e+00	-5.080497e-03
-7.320000000000000e+00	-5.070587e-03
-7.310000000000000e+00	-5.060677e-03
-7.300000000000000e+00	-5.050767e-03
-7.290000000000000e+00	-5.040858e-03
-7.279999999999999e+00	-5.030949e-03
-7.270000000000000e+00	-5.021040e-03
-7.260000000000000e+00	-5.011131e-03
-7.250000000000000e+00	-5.001222e-03
-7.240000000000000e+00	-4.991313e-03
-7.230000000000000e+00	-4.981406e-03
-7.220000000000000e+00	-4.971497e-03
-7.210000000000000e+00	-4.961589e-03
-7.199999999999999e+00	-4.951681e-03
-7.190000000000000e+00	-4.941774e-03
-7.180000000000000e+00	-4.931867e-03
-7.170000000000000e+00	-4.921960e-03
-7.160000000000000e+00	-4.912053e-03
-7.150000000000000e+00	-4.902146e-03
-7.140000000000001e+00	-4.892240e-03
-7.130000000000000e+00	-4.882333e-03
-7.120000000000000e+00	-4.872427e-03
-7.109999999999999e+00	-4.862521e-03
-7.100000000000000e+00	-4.852616e-03
-7.090000000000000e+00	-4.842710e-03
-7.080000000000000e+00	-4.832805e-03
-7.070000000000000e+00	-4.822900e-03
-7.060000000000000e+00	-4.812995e-03
-7.050000000000000e+00	-4.803090e-03
-7.040000000000000e+00	-4.793186e-03
-7.029999999999999e+00	-4.783282e-03
-7.020000000000000e+00	-4.773377e-03
-7.010000000000000e+00	-4.763474e-03
-7.000000000000000e+00	-4.753570e-03
-6.990000000000000e+00	-4.743667e-03
-6.980000000000000e+00	-4.733764e-03
-6.970000000000000e+00	-4.723861e-03
-6.960000000000000e+00	-4.713958e-03
-6.949999999999999e+00	-4.704055e-03
-6.940000000000000e+00	-4.694153e-03
-6.930000000000000e+00	-4.684251e-03
-6.920000000000000e+00	-4.674349e-03
-6.910000000000000e+00	-4.664448e-03
-6.900000000000000e+00	-4.654546e-03
-6.890000000000001e+00	-4.644645e-03
-6.880000000000000e+00	-4.634744e-03
-6.870000000000000e+00	-4.624844e-03
-6.859999999999999e+00	-4.614943e-03
-6.850000000000000e+00	-4.605043e-03
-6.840000000000000e+00	-4.595143e-03
-6.830000000000000e+00	-4.585243e-03
-6.820000000000000e+00	-4.575344e-03
-6.810000000000000e+00	-4.565444e-03
-6.800000000000000e+00	-4.555545e-03
-6.790000000000000e+00	-4.545647e-03
-6.779999999999999e+00	-4.535748e-03
-6.770000000000000e+00	-4.525850e-03
-6.760000000000000e+00	-4.515951e-03
-6.750000000000000e+00	-4.506054e-03
-6.740000000000000e+00	-4.496156e-03
-6.730000000000000e+00	-4.486259e-03
-6.720000000000000e+00	-4.476362e-03
-6.710000000000000e+00	-4.466465e-03
-6.699999999999999e+00	-4.456569e-03
-6.690000000000000e+00	-4.446672e-03
-6.680000000000000e+00	-4.436776e-03
-6.670000000000000e+00	-4.426880e-03
-6.660000000000000e+00	-4.416985e-03
-6.650000000000000e+00	-4.407089e-03
-6.640000000000001e+00	-4.397194e-03
-6.630000000000000e+00	-4.387300e-03
-6.620000000000000e+00	-4.377405e-03
-6.609999999999999e+00	-4.367511e-03
-6.600000000000000e+00	-4.357616e-03
-6.590000000000000e+00	-4.347723e-03
-6.580000000000000e+00	-4.337830e-03
-6.570000000000000e+00	-4.327936e-03
-6.560000000000000e+00	-4.318043e-03
-6.550000000000000e+00	-4.308151e-03
-6.540000000000000e+00	-4.298258e-03
-6.529999999999999e+00	-4.288366e-03
-6.520000000000000e+00	-4.278474e-03
-6.510000000000000e+00	-4.268583e-03
-6.500000000000000e+00	-4.258692e-03
-6.490000000000000e+00	-4.248801e-03
-6.480000000000000e+00	-4.238910e-03
-6.470000000000000e+00	-4.229019e-03
-6.460000000000000e+00	-4.219130e-03
-6.449999999999999e+00	-4.209240e-03
-6.440000000000000e+00	-4.199350e-03
-6.430000000000000e+00	-4.189461e-03
-6.420000000000000e+00	-4.179572e-03
-6.410000000000000e+00	-4.169683e-03
-6.400000000000000e+00	-4.159795e-03
-6.390000000000001e+00	-4.149907e-03
-6.380000000000000e+00	-4.140019e-03
-6.370000000000000e+00	-4.130132e-03
-6.359999999999999e+00	-4.120245e-03
-6.350000000000000e+00	-4.110358e-03
-6.340000000000000e+00	-4.100471e-03
-6.330000000000000e+00	-4.090585e-03
-6.320000000000000e+00	-4.080699e-03
-6.310000000000000e+00	-4.070813e-03
-6.300000000000000e+00	-4.060928e-03
-6.290000000000000e+00	-4.051043e-03
-6.279999999999999e+00	-4.041159e-03
-6.270000000000000e+00	-4.031274e-03
-6.260000000000000e+00	-4.021390e-03
-6.250000000000000e+00	-4.011507e-03
-6.240000000000000e+00	-4.001623e-03
-6.230000000000000e+00	-3.991740e-03
-6.220000000000000e+00	-3.981858e-03
-6.210000000000000e+00	-3.971975e-03
-6.199999999999999e+00	-3.962093e-03
-6.190000000000000e+00	-3.952211e-03
-6.180000000000000e+00	-3.942330e-03
-6.170000000000000e+00	-3.932449e-03
-6.160000000000000e+00	-3.922569e-03
-6.150000000000000e+00	-3.912688e-03
-6.140000000000001e+00	-3.902808e-03
-6.130000000000000e+00	-3.892929e-03
-6.120000000000000e+00	-3.883049e-03
-6.109999999999999e+00	-3.873170e-03
-6.100000000000000e+00	-3.863292e-03
-6.090000000000000e+00	-3.853414e-03
-6.080000000000000e+00	-3.843536e-03
-6.070000000000000e+00	-3.833659e-03
-6.060000000000000e+00	-3.823781e-03
-6.050000000000000e+00	-3.813905e-03
-6.040000000000000e+00	-3.804028e-03
-6.029999999999999e+00	-3.794152e-03
-6.020000000000000e+00	-3.784277e-03
-6.010000000000000e+00	-3.774401e-03
-6.000000000000000e+00	-3.764527e-03
-5.990000000000000e+00	-3.754652e-03
-5.980000000000000e+00	-3.744778e-03
-5.970000000000000e+00	-3.734905e-03
-5.960000000000000e+00	-3.725031e-03
-5.950000000000000e+00	-3.715158e-03
-5.940000000000000e+00	-3.705286e-03
-5.930000000000000e+00	-3.695414e-03
-5.920000000000000e+00	-3.685542e-03
-5.910000000000000e+00	-3.675671e-03
-5.900000000000000e+00	-3.665800e-03
-5.890000000000000e+00	-3.655929e-03
-5.880000000000000e+00	-3.646059e-03
-5.870000000000000e+00	-3.636190e-03
-5.860000000000000e+00	-3.626321e-03
-5.850000000000000e+00	-3.616452e-03
-5.840000000000000e+00	-3.606583e-03
-5.830000000000000e+00	-3.596715e-03
-5.820000000000000e+00	-3.586848e-03
-5.810000000000000e+00	-3.576981e-03
-5.800000000000000e+00	-3.567114e-03
-5.790000000000000e+00	-3.557248e-03
-5.780000000000000e+00	-3.547382e-03
-5.770000000000000e+00	-3.537517e-03
-5.760000000000000e+00	-3.527652e-03
-5.750000000000000e+00	-3.517787e-03
-5.740000000000000e+00	-3.507924e-03
-5.730000000000000e+00	-3.498060e-03
-5.720000000000000e+00	-3.488197e-03
-5.710000000000000e+00	-3.478335e-03
-5.700000000000000e+00	-3.468472e-03
-5.690000000000000e+00	-3.458611e-03
-5.680000000000000e+00	-3.448749e-03
-5.670000000000000e+00	-3.438889e-03
-5.660000000000000e+00	-3.429029e-03
-5.649999999999999e+00	-3.419169e-03
-5.640000000000000e+00	-3.409310e-03
-5.630000000000000e+00	-3.399451e-03
-5.620000000000000e+00	-3.389593e-03
-5.610000000000000e+00	-3.379735e-03
-5.600000000000000e+00	-3.369878e-03
-5.590000000000000e+00	-3.360021e-03
-5.580000000000000e+00	-3.350165e-03
-5.570000000000000e+00	-3.340309e-03
-5.560000000000000e+00	-3.330454e-03
-5.550000000000000e+00	-3.320600e-03
-5.540000000000000e+00	-3.310746e-03
-5.530000000000000e+00	-3.300892e-03
-5.520000000000000e+00	-3.291039e-03
-5.510000000000000e+00	-3.281186e-03
-5.500000000000000e+00	-3.271335e-03
-5.490000000000000e+00	-3.261483e-03
-5.480000000000000e+00	-3.251632e-03
-5.470000000000000e+00	-3.241782e-03
-5.460000000000000e+00	-3.231932e-03
-5.450000000000000e+00	-3.222083e-03
-5.440000000000000e+00	-3.212235e-03
-5.430000000000000e+00	-3.202387e-03
-5.420000000000000e+00	-3.192539e-03
-5.410000000000000e+00	-3.182692e-03
-5.399999999999999e+00	-3.172846e-03
-5.390000000000000e+00	-3.163001e-03
-5.380000000000000e+00	-3.153156e-03
-5.370000000000000e+00	-3.143311e-03
-5.360000000000000e+00	-3.133467e-03
-5.350000000000000e+00	-3.123624e-03
-5.340000000000000e+00	-3.113782e-03
-5.330000000000000e+00	-3.103940e-03
-5.320000000000000e+00	-3.094098e-03
-5.310000000000000e+00	-3.084258e-03
-5.300000000000000e+00	-3.074418e-03
-5.290000000000000e+00	-3.064578e-03
-5.280000000000000e+00	-3.054739e-03
-5.270000000000000e+00	-3.044901e-03
-5.260000000000000e+00	-3.035064e-03
-5.250000000000000e+00	-3.025227e-03
-5.240000000000000e+00	-3.015391e-03
-5.230000000000000e+00	-3.005556e-03
-5.220000000000000e+00	-2.995721e-03
-5.210000000000000e+00	-2.985887e-03
-5.200000000000000e+00	-2.976054e-03
-5.190000000000000e+00	-2.966221e-03
-5.180000000000000e+00	-2.956390e-03
-5.170000000000000e+00	-2.946559e-03
-5.160000000000000e+00	-2.936728e-03
-5.149999999999999e+00	-2.926898e-03
-5.140000000000000e+00	-2.917069e-03
-5.130000000000000e+00	-2.907241e-03
-5.120000000000000e+00	-2.897414e-03
-5.110000000000000e+00	-2.887587e-03
-5.100000000000000e+00	-2.877761e-03
-5.090000000000000e+00	-2.867936e-03
-5.080000000000000e+00	-2.858112e-03
-5.070000000000000e+00	-2.848289e-03
-5.060000000000000e+00	-2.838466e-03
-5.050000000000000e+00	-2.828644e-03
-5.040000000000000e+00	-2.818823e-03
-5.030000000000000e+00	-2.809003e-03
-5.020000000000000e+00	-2.799183e-03
-5.010000000000000e+00	-2.789364e-03
-5.000000000000000e+00	-2.779547e-03
-4.990000000000000e+00	-2.769730e-03
-4.980000000000000e+00	-2.759914e-03
-4.970000000000000e+00	-2.750098e-03
-4.960000000000000e+00	-2.740284e-03
-4.950000000000000e+00	-2.730471e-03
-4.940000000000000e+00	-2.720658e-03
-4.930000000000000e+00	-2.710846e-03
-4.920000000000000e+00	-2.701036e-03
-4.910000000000000e+00	-2.691226e-03
-4.899999999999999e+00	-2.681417e-03
-4.890000000000000e+00	-2.671609e-03
-4.880000000000000e+00	-2.661802e-03
-4.870000000000000e+00	-2.651996e-03
-4.860000000000000e+00	-2.642191e-03
-4.850000000000000e+00	-2.632387e-03
-4.840000000000000e+00	-2.622585e-03
-4.830000000000000e+00	-2.612782e-03
-4.820000000000000e+00	-2.602981e-03
-4.810000000000000e+00	-2.593182e-03
-4.800000000000000e+00	-2.583383e-03
-4.790000000000000e+00	-2.573585e-03
-4.780000000000000e+00	-2.563788e-03
-4.770000000000000e+00	-2.553992e-03
-4.760000000000000e+00	-2.544197e-03
-4.750000000000000e+00	-2.534404e-03
-4.740000000000000e+00	-2.524612e-03
-4.730000000000000e+00	-2.514820e-03
-4.720000000000000e+00	-2.505030e-03
-4.710000000000000e+00	-2.495241e-03
-4.700000000000000e+00	-2.485453e-03
-4.690000000000000e+00	-2.475667e-03
-4.680000000000000e+00	-2.465881e-03
-4.670000000000000e+00	-2.456097e-03
-4.660000000000000e+00	-2.446314e-03
-4.649999999999999e+00	-2.436532e-03
-4.640000000000000e+00	-2.426751e-03
-4.630000000000000e+00	-2.416972e-03
-4.620000000000000e+00	-2.407194e-03
-4.610000000000000e+00	-2.397417e-03
-4.600000000000000e+00	-2.387641e-03
-4.590000000000000e+00	-2.377867e-03
-4.580000000000000e+00	-2.368094e-03
-4.570000000000000e+00	-2.358323e-03
-4.560000000000000e+00	-2.348553e-03
-4.550000000000000e+00	-2.338784e-03
-4.540000000000000e+00	-2.329017e-03
-4.530000000000000e+00	-2.319251e-03
-4.520000000000000e+00	-2.309487e-03
-4.510000000000000e+00	-2.299723e-03
-4.500000000000000e+00	-2.289962e-03
-4.490000000000000e+00	-2.280202e-03
-4.480000000000000e+00	-2.270444e-03
-4.470000000000000e+00	-2.260687e-03
-4.460000000000000e+00	-2.250931e-03
-4.450000000000000e+00	-2.241177e-03
-4.440000000000000e+00	-2.231425e-03
-4.430000000000000e+00	-2.221675e-03
-4.420000000000000e+00	-2.211926e-03
-4.410000000000000e+00	-2.202178e-03
-4.399999999999999e+00	-2.192433e-03
-4.390000000000000e+00	-2.182689e-03
-4.380000000000000e+00	-2.172947e-03
-4.370000000000000e+00	-2.163206e-03
-4.360000000000000e+00	-2.153468e-03
-4.350000000000000e+00	-2.143731e-03
-4.340000000000000e+00	-2.133996e-03
-4.330000000000000e+00	-2.124263e-03
-4.320000000000000e+00	-2.114532e-03
-4.310000000000000e+00	-2.104803e-03
-4.300000000000000e+00	-2.095075e-03
-4.290000000000000e+00	-2.085350e-03
-4.280000000000000e+00	-2.075627e-03
-4.270000000000000e+00	-2.065905e-03
-4.260000000000000e+00	-2.056186e-03
-4.250000000000000e+00	-2.046469e-03
-4.240000000000000e+00	-2.036754e-03
-4.230000000000000e+00	-2.027041e-03
-4.220000000000000e+00	-2.017330e-03
-4.210000000000000e+00	-2.007622e-03
-4.200000000000000e+00	-1.997916e-03
-4.190000000000000e+00	-1.988212e-03
-4.180000000000000e+00	-1.978510e-03
-4.170000000000000e+00	-1.968811e-03
-4.160000000000000e+00	-1.959114e-03
-4.149999999999999e+00	-1.949420e-03
-4.140000000000000e+00	-1.939728e-03
-4.130000000000000e+00	-1.930039e-03
-4.120000000000000e+00	-1.920352e-03
-4.110000000000000e+00	-1.910668e-03
-4.100000000000000e+00	-1.900987e-03
-4.090000000000000e+00	-1.891308e-03
-4.080000000000000e+00	-1.881632e-03
-4.070000000000000e+00	-1.871959e-03
-4.060000000000000e+00	-1.862289e-03
-4.050000000000000e+00	-1.852622e-03
-4.040000000000000e+00	-1.842957e-03
-4.030000000000000e+00	-1.833296e-03
-4.020000000000000e+00	-1.823638e-03
-4.010000000000000e+00	-1.813983e-03
-4.000000000000000e+00	-1.804331e-03
-3.990000000000000e+00	-1.794682e-03
-3.980000000000000e+00	-1.785037e-03
-3.970000000000000e+00	-1.775395e-03
-3.960000000000000e+00	-1.765756e-03
-3.950000000000000e+00	-1.756121e-03
-3.940000000000000e+00	-1.746490e-03
-3.930000000000000e+00	-1.736862e-03
-3.920000000000000e+00	-1.727238e-03
-3.910000000000000e+00	-1.717618e-03
-3.899999999999999e+00	-1.708001e-03
-3.890000000000000e+00	-1.698389e-03
-3.880000000000000e+00	-1.688781e-03
-3.870000000000000e+00	-1.679176e-03
-3.859999999999999e+00	-1.669577e-03
-3.850000000000000e+00	-1.659981e-03
-3.840000000000000e+00	-1.650390e-03
-3.830000000000000e+00	-1.640803e-03
-3.820000000000000e+00	-1.631220e-03
-3.810000000000000e+00	-1.621643e-03
-3.800000000000000e+00	-1.612070e-03
-3.790000000000000e+00	-1.602503e-03
-3.780000000000000e+00	-1.592940e-03
-3.770000000000000e+00	-1.583382e-03
-3.760000000000000e+00	-1.573830e-03
-3.750000000000000e+00	-1.564283e-03
-3.740000000000000e+00	-1.554742e-03
-3.730000000000000e+00	-1.545206e-03
-3.720000000000000e+00	-1.535677e-03
-3.710000000000000e+00	-1.526153e-03
-3.700000000000000e+00	-1.516635e-03
-3.690000000000000e+00	-1.507123e-03
-3.680000000000000e+00	-1.497619e-03
-3.670000000000000e+00	-1.488120e-03
-3.660000000000000e+00	-1.478629e-03
-3.649999999999999e+00	-1.469144e-03
-3.640000000000000e+00	-1.459667e-03
-3.630000000000000e+00	-1.450196e-03
-3.620000000000000e+00	-1.440734e-03
-3.609999999999999e+00	-1.431279e-03
-3.600000000000000e+00	-1.421833e-03
-3.590000000000000e+00	-1.412394e-03
-3.580000000000000e+00	-1.402965e-03
-3.570000000000000e+00	-1.393543e-03
-3.560000000000000e+00	-1.384131e-03
-3.550000000000000e+00	-1.374729e-03
-3.540000000000000e+00	-1.365336e-03
-3.530000000000000e+00	-1.355952e-03
-3.520000000000000e+00	-1.346580e-03
-3.510000000000000e+00	-1.337217e-03
-3.500000000000000e+00	-1.327866e-03
-3.490000000000000e+00	-1.318526e-03
-3.480000000000000e+00	-1.309198e-03
-3.470000000000000e+00	-1.299881e-03
-3.460000000000000e+00	-1.290578e-03
-3.450000000000000e+00	-1.281287e-03
-3.440000000000000e+00	-1.272010e-03
-3.430000000000000e+00	-1.262747e-03
-3.420000000000000e+00	-1.253499e-03
-3.410000000000000e+00	-1.244266e-03
-3.399999999999999e+00	-1.235048e-03
-3.390000000000000e+00	-1.225847e-03
-3.380000000000000e+00	-1.216663e-03
-3.370000000000000e+00	-1.207497e-03
-3.359999999999999e+00	-1.198349e-03
-3.350000000000000e+00	-1.189221e-03
-3.340000000000000e+00	-1.180113e-03
-3.330000000000000e+00	-1.171026e-03
-3.320000000000000e+00	-1.161961e-03
-3.310000000000000e+00	-1.152919e-03
-3.300000000000000e+00	-1.143902e-03
-3.290000000000000e+00	-1.134910e-03
-3.280000000000000e+00	-1.125945e-03
-3.270000000000000e+00	-1.117009e-03
-3.260000000000000e+00	-1.108102e-03
-3.250000000000000e+00	-1.099226e-03
-3.240000000000000e+00	-1.090384e-03
-3.230000000000000e+00	-1.081576e-03
-3.220000000000000e+00	-1.072806e-03
-3.210000000000000e+00	-1.064074e-03
-3.200000000000000e+00	-1.055385e-03
-3.190000000000000e+00	-1.046739e-03
-3.180000000000000e+00	-1.038141e-03
-3.170000000000000e+00	-1.029593e-03
-3.160000000000000e+00	-1.021099e-03
-3.149999999999999e+00	-1.012662e-03
-3.140000000000000e+00	-1.004287e-03
-3.130000000000000e+00	-9.959775e-04
-3.120000000000000e+00	-9.877395e-04
-3.109999999999999e+00	-9.795782e-04
-3.100000000000000e+00	-9.714999e-04
-3.090000000000000e+00	-9.635114e-04
-3.080000000000000e+00	-9.556202e-04
-3.070000000000000e+00	-9.478350e-04
-3.060000000000000e+00	-9.401652e-04
-3.050000000000000e+00	-9.326217e-04
-3.040000000000000e+00	-9.252161e-04
-3.030000000000000e+00	-9.179619e-04
-3.020000000000000e+00	-9.108740e-04
-3.010000000000000e+00	-9.039692e-04
-3.000000000000000e+00	-8.972658e-04
-2.990000000000000e+00	-8.907845e-04
-2.980000000000000e+00	-8.845479e-04
-2.970000000000000e+00	-8.785804e-04
-2.960000000000000e+00	-8.729082e-04
-2.950000000000000e+00	-8.675584e-04
-2.940000000000000e+00	-8.625587e-04
-2.930000000000000e+00	-8.579353e-04
-2.920000000000000e+00	-8.537116e-04
-2.910000000000000e+00	-8.499058e-04
-2.899999999999999e+00	-8.465287e-04
-2.890000000000000e+00	-8.435812e-04
-2.880000000000000e+00	-8.410531e-04
-2.870000000000000e+00	-8.389232e-04
-2.859999999999999e+00	-8.371599e-04
-2.850000000000000e+00	-8.357241e-04
-2.840000000000000e+00	-8.345728e-04
-2.830000000000000e+00	-8.336621e-04
-2.820000000000000e+00	-8.329500e-04
-2.810000000000000e+00	-8.323985e-04
-2.800000000000000e+00	-8.319749e-04
-2.790000000000000e+00	-8.316516e-04
-2.780000000000000e+00	-8.314060e-04
-2.770000000000000e+00	-8.312202e-04
-2.760000000000000e+00	-8.310800e-04
-2.750000000000000e+00	-8.309745e-04
-2.740000000000000e+00	-8.308953e-04
-2.730000000000000e+00	-8.308359e-04
-2.720000000000000e+00	-8.307914e-04
-2.710000000000000e+00	-8.307580e-04
-2.700000000000000e+00	-8.307330e-04
-2.690000000000000e+00	-8.307144e-04
-2.680000000000000e+00	-8.307004e-04
-2.670000000000000e+00	-8.306900e-04
-2.660000000000000e+00	-8.306822e-04
-2.649999999999999e+00	-8.306763e-04
-2.640000000000000e+00	-8.306720e-04
-2.630000000000000e+00	-8.306687e-04
-2.620000000000000e+00	-8.306663e-04
-2.609999999999999e+00	-8.306645e-04
-2.600000000000000e+00	-8.306631e-04
-2.590000000000000e+00	-8.306621e-04
-2.580000000000000e+00	-8.306613e-04
-2.570000000000000e+00	-8.306607e-04
-2.560000000000000e+00	-8.306603e-04
-2.550000000000000e+00	-8.306600e-04
-2.540000000000000e+00	-8.306598e-04
-2.530000000000000e+00	-8.306596e-04
-2.520000000000000e+00	-8.306595e-04
-2.510000000000000e+00	-8.306594e-04
-2.500000000000000e+00	-8.306593e-04
-2.490000000000000e+00	-8.306592e-04
-2.480000000000000e+00	-8.306592e-04
-2.470000000000000e+00	-8.306592e-04
-2.460000000000000e+00	-8.306592e-04
-2.450000000000000e+00	-8.306591e-04
-2.440000000000000e+00	-8.306591e-04
-2.430000000000000e+00	-8.306591e-04
-2.420000000000000e+00	-8.306591e-04
-2.410000000000000e+00	-8.306591e-04
-2.399999999999999e+00	-8.306591e-04
-2.390000000000000e+00	-8.306591e-04
-2.380000000000000e+00	-8.306591e-04
-2.370000000000000e+00	-8.306591e-04
-2.359999999999999e+00	-8.306591e-04
-2.350000000000000e+00	-8.306591e-04
-2.340000000000000e+00	-8.306591e-04
-2.330000000000000e+00	-8.306591e-04
-2.320000000000000e+00	-8.306591e-04
-2.310000000000000e+00	-8.306591e-04
-2.300000000000000e+00	-8.306591e-04
-2.290000000000000e+00	-8.306591e-04
-2.280000000000000e+00	-8.306591e-04
-2.270000000000000e+00	-8.306591e-04
-2.260000000000000e+00	-8.306591e-04
-2.250000000000000e+00	-8.306591e-04
-2.240000000000000e+00	-8.306591e-04
-2.230000000000000e+00	-8.306591e-04
-2.220000000000000e+00	-8.306591e-04
-2.210000000000000e+00	-8.306591e-04
-2.200000000000000e+00	-8.306591e-04
-2.190000000000000e+00	-8.306591e-04
-2.180000000000000e+00	-8.306591e-04
-2.170000000000000e+00	-8.306591e-04
-2.160000000000000e+00	-8.306591e-04
-2.149999999999999e+00	-8.306591e-04
-2.140000000000000e+00	-8.306591e-04
-2.130000000000000e+00	-8.306591e-04
-2.120000000000000e+00	-8.306591e-04
-2.109999999999999e+00	-8.306591e-04
-2.100000000000000e+00	-8.306591e-04
-2.090000000000000e+00	-8.306591e-04
-2.080000000000000e+00	-8.306591e-04
-2.069999999999999e+00	-8.306591e-04
-2.060000000000000e+00	-8.306591e-04
-2.050000000000000e+00	-8.306591e-04
-2.040000000000000e+00	-8.306591e-04
-2.030000000000000e+00	-8.306591e-04
-2.020000000000000e+00	-8.306591e-04
-2.010000000000000e+00	-8.306591e-04
-2.000000000000000e+00	-8.306591e-04
-1.990000000000000e+00	-8.306591e-04
-1.980000000000000e+00	-8.306591e-04
-1.970000000000001e+00	-8.306591e-04
-1.959999999999999e+00	-8.306591e-04
-1.949999999999999e+00	-8.306591e-04
-1.940000000000000e+00	-8.306591e-04
-1.930000000000000e+00	-8.306591e-04
-1.920000000000000e+00	-8.306591e-04
-1.910000000000000e+00	-8.306591e-04
-1.900000000000000e+00	-8.306591e-04
-1.890000000000001e+00	-8.306591e-04
-1.879999999999999e+00	-8.306591e-04
-1.869999999999999e+00	-8.306591e-04
-1.859999999999999e+00	-8.306591e-04
-1.850000000000000e+00	-8.306591e-04
-1.840000000000000e+00	-8.306591e-04
-1.830000000000000e+00	-8.306591e-04
-1.820000000000000e+00	-8.306591e-04
-1.810000000000000e+00	-8.306591e-04
-1.800000000000001e+00	-8.306591e-04
-1.789999999999999e+00	-8.306591e-04
-1.779999999999999e+00	-8.306591e-04
-1.770000000000000e+00	-8.306591e-04
-1.760000000000000e+00	-8.306591e-04
-1.750000000000000e+00	-8.306591e-04
-1.740000000000000e+00	-8.306591e-04
-1.730000000000000e+00	-8.306591e-04
-1.720000000000001e+00	-8.306591e-04
-1.709999999999999e+00	-8.306591e-04
-1.699999999999999e+00	-8.306591e-04
-1.690000000000000e+00	-8.306591e-04
-1.680000000000000e+00	-8.306591e-04
-1.670000000000000e+00	-8.306591e-04
-1.660000000000000e+00	-8.306591e-04
-1.650000000000000e+00	-8.306591e-04
-1.640000000000001e+00	-8.306591e-04
-1.629999999999999e+00	-8.306591e-04
-1.619999999999999e+00	-8.306591e-04
-1.609999999999999e+00	-8.306591e-04
-1.600000000000000e+00	-8.306591e-04
-1.590000000000000e+00	-8.306591e-04
-1.580000000000000e+00	-8.306591e-04
-1.570000000000000e+00	-8.306591e-04
-1.560000000000000e+00	-8.306591e-04
-1.550000000000001e+00	-8.306591e-04
-1.539999999999999e+00	-8.306591e-04
-1.529999999999999e+00	-8.306591e-04
-1.520000000000000e+00	-8.306591e-04
-1.510000000000000e+00	-8.306590e-04
-1.500000000000000e+00	-8.306590e-04
-1.490000000000000e+00	-8.306590e-04
-1.480000000000000e+00	-8.306589e-04
-1.470000000000001e+00	-8.306589e-04
-1.459999999999999e+00	-8.306589e-04
-1.449999999999999e+00	-8.306588e-04
-1.440000000000000e+00	-8.306588e-04
-1.430000000000000e+00	-8.306587e-04
-1.420000000000000e+00	-8.306585e-04
-1.410000000000000e+00	-8.306584e-04
-1.400000000000000e+00	-8.306582e-04
-1.390000000000001e+00	-8.306580e-04
-1.379999999999999e+00	-8.306577e-04
-1.369999999999999e+00	-8.306574e-04
-1.359999999999999e+00	-8.306568e-04
-1.350000000000000e+00	-8.306563e-04
-1.340000000000000e+00	-8.306555e-04
-1.330000000000000e+00	-8.306545e-04
-1.320000000000000e+00	-8.306532e-04
-1.310000000000000e+00	-8.306516e-04
-1.299999999999999e+00	-8.306496e-04
-1.289999999999999e+00	-8.306470e-04
-1.279999999999999e+00	-8.306436e-04
-1.270000000000000e+00	-8.306394e-04
-1.260000000000000e+00	-8.306340e-04
-1.250000000000000e+00	-8.306271e-04
-1.240000000000000e+00	-8.306184e-04
-1.230000000000000e+00	-8.306072e-04
-1.220000000000001e+00	-8.305929e-04
-1.209999999999999e+00	-8.305748e-04
-1.199999999999999e+00	-8.305517e-04
-1.190000000000000e+00	-8.305222e-04
-1.180000000000000e+00	-8.304847e-04
-1.170000000000000e+00	-8.304371e-04
-1.160000000000000e+00	-8.303765e-04
-1.150000000000000e+00	-8.302995e-04
-1.140000000000001e+00	-8.302017e-04
-1.129999999999999e+00	-8.300776e-04
-1.119999999999999e+00	-8.299206e-04
-1.109999999999999e+00	-8.297222e-04
-1.100000000000000e+00	-8.294718e-04
-1.090000000000000e+00	-8.291570e-04
-1.080000000000000e+00	-8.287622e-04
-1.070000000000000e+00	-8.282696e-04
-1.060000000000000e+00	-8.276576e-04
-1.049999999999999e+00	-8.269021e-04
-1.039999999999999e+00	-8.259759e-04
-1.029999999999999e+00	-8.248497e-04
-1.020000000000000e+00	-8.234929e-04
-1.010000000000000e+00	-8.218752e-04
-1.000000000000000e+00	-8.199679e-04
-9.900000000000002e-01	-8.177456e-04
-9.800000000000004e-01	-8.151880e-04
-9.700000000000006e-01	-8.122808e-04
-9.599999999999991e-01	-8.090162e-04
-9.499999999999993e-01	-8.053929e-04
-9.399999999999995e-01	-8.014156e-04
-9.299999999999997e-01	-7.970943e-04
-9.199999999999999e-01	-7.924425e-04
-9.100000000000001e-01	-7.874769e-04
-9.000000000000004e-01	-7.822156e-04
-8.900000000000006e-01	-7.766776e-04
-8.799999999999990e-01	-7.708820e-04
-8.699999999999992e-01	-7.648475e-04
-8.599999999999994e-01	-7.585921e-04
-8.499999999999996e-01	-7.521327e-04
-8.399999999999999e-01	-7.454850e-04
-8.300000000000001e-01	-7.386637e-04
-8.200000000000003e-01	-7.316822e-04
-8.100000000000005e-01	-7.245530e-04
-7.999999999999989e-01	-7.172871e-04
-7.899999999999991e-01	-7.098951e-04
-7.799999999999994e-01	-7.023861e-04
-7.699999999999996e-01	-6.947689e-04
-7.599999999999998e-01	-6.870509e-04
-7.500000000000000e-01	-6.792395e-04
-7.400000000000002e-01	-6.713409e-04
-7.300000000000004e-01	-6.633610e-04
-7.200000000000006e-01	-6.553053e-04
-7.099999999999991e-01	-6.471787e-04
-6.999999999999993e-01	-6.389855e-04
-6.899999999999995e-01	-6.307299e-04
-6.799999999999997e-01	-6.224157e-04
-6.699999999999999e-01	-6.140464e-04
-6.600000000000001e-01	-6.056252e-04
-6.500000000000004e-01	-5.971549e-04
-6.400000000000006e-01	-5.886383e-04
-6.299999999999990e-01	-5.800780e-04
-6.199999999999992e-01	-5.714762e-04
-6.099999999999994e-01	-5.628351e-04
-5.999999999999996e-01	-5.541567e-04
-5.899999999999999e-01	-5.454429e-04
-5.800000000000001e-01	-5.366954e-04
-5.700000000000003e-01	-5.279158e-04
-5.600000000000005e-01	-5.191057e-04
-5.499999999999989e-01	-5.102664e-04
-5.399999999999991e-01	-5.013992e-04
-5.299999999999994e-01	-4.925055e-04
-5.199999999999996e-01	-4.835863e-04
-5.099999999999998e-01	-4.746427e-04
-5.000000000000000e-01	-4.656758e-04
-4.900000000000002e-01	-4.566866e-04
-4.800000000000004e-01	-4.476758e-04
-4.700000000000006e-01	-4.386445e-04
-4.599999999999991e-01	-4.295934e-04
-4.499999999999993e-01	-4.205232e-04
-4.399999999999995e-01	-4.114347e-04
-4.299999999999997e-01	-4.023285e-04
-4.199999999999999e-01	-3.932054e-04
-4.100000000000001e-01	-3.840658e-04
-4.000000000000004e-01	-3.749105e-04
-3.900000000000006e-01	-3.657399e-04
-3.799999999999990e-01	-3.565546e-04
-3.699999999999992e-01	-3.473550e-04
-3.599999999999994e-01	-3.381417e-04
-3.499999999999996e-01	-3.289151e-04
-3.399999999999999e-01	-3.196756e-04
-3.300000000000001e-01	-3.104237e-04
-3.200000000000003e-01	-3.011596e-04
-3.100000000000005e-01	-2.918839e-04
-2.999999999999989e-01	-2.825969e-04
-2.899999999999991e-01	-2.732988e-04
-2.799999999999994e-01	-2.639900e-04
-2.699999999999996e-01	-2.546709e-04
-2.599999999999998e-01	-2.453418e-04
-2.500000000000000e-01	-2.360029e-04
-2.400000000000002e-01	-2.266544e-04
-2.300000000000004e-01	-2.172968e-04
-2.200000000000006e-01	-2.079301e-04
-2.099999999999991e-01	-1.985547e-04
-1.999999999999993e-01	-1.891708e-04
-1.899999999999995e-01	-1.797787e-04
-1.799999999999997e-01	-1.703784e-04
-1.699999999999999e-01	-1.609703e-04
-1.600000000000001e-01	-1.515546e-04
-1.500000000000004e-01	-1.421314e-04
-1.400000000000006e-01	-1.327009e-04
-1.299999999999990e-01	-1.232633e-04
-1.199999999999992e-01	-1.138188e-04
-1.099999999999994e-01	-1.043676e-04
-9.999999999999964e-02	-9.490970e-05
-8.999999999999986e-02	-8.544540e-05
-8.000000000000007e-02	-7.597481e-05
-7.000000000000028e-02	-6.649808e-05
-6.000000000000050e-02	-5.701533e-05
-4.999999999999893e-02	-4.752672e-05
-3.999999999999915e-02	-3.803236e-05
-2.999999999999936e-02	-2.853239e-05
-1.999999999999957e-02	-1.902693e-05
-9.999999999999787e-03	-9.516093e-06
0.000000000000000e+00	0.000000e+00
9.999999999999787e-03	9.521239e-06
1.999999999999957e-02	1.904752e-05
2.999999999999936e-02	2.857873e-05
4.000000000000092e-02	3.811477e-05
5.000000000000071e-02	4.765555e-05
6.000000000000050e-02	5.720097e-05
7.000000000000028e-02	6.675093e-05
8.000000000000007e-02	7.630535e-05
8.999999999999986e-02	8.586414e-05
9.999999999999964e-02	9.542721e-05
1.099999999999994e-01	1.049945e-04
1.200000000000010e-01	1.145659e-04
1.300000000000008e-01	1.241413e-04
1.400000000000006e-01	1.337207e-04
1.500000000000004e-01	1.433040e-04
1.600000000000001e-01	1.528911e-04
1.699999999999999e-01	1.624820e-04
1.799999999999997e-01	1.720766e-04
1.899999999999995e-01	1.816748e-04
2.000000000000011e-01	1.912765e-04
2.100000000000009e-01	2.008817e-04
2.200000000000006e-01	2.104904e-04
2.300000000000004e-01	2.201024e-04
2.400000000000002e-01	2.297177e-04
2.500000000000000e-01	2.393363e-04
2.599999999999998e-01	2.489581e-04
2.699999999999996e-01	2.585831e-04
2.799999999999994e-01	2.682111e-04
2.900000000000009e-01	2.778422e-04
3.000000000000007e-01	2.874763e-04
3.100000000000005e-01	2.971133e-04
3.200000000000003e-01	3.067532e-04
3.300000000000001e-01	3.163960e-04
3.399999999999999e-01	3.260416e-04
3.499999999999996e-01	3.356900e-04
3.599999999999994e-01	3.453410e-04
3.700000000000010e-01	3.549948e-04
3.800000000000008e-01	3.646512e-04
3.900000000000006e-01	3.743102e-04
4.000000000000004e-01	3.839717e-04
4.100000000000001e-01	3.936357e-04
4.199999999999999e-01	4.033023e-04
4.299999999999997e-01	4.129712e-04
4.399999999999995e-01	4.226426e-04
4.500000000000011e-01	4.323164e-04
4.600000000000009e-01	4.419925e-04
4.700000000000006e-01	4.516709e-04
4.800000000000004e-01	4.613515e-04
4.900000000000002e-01	4.710344e-04
5.000000000000000e-01	4.807196e-04
5.099999999999998e-01	4.904069e-04
5.199999999999996e-01	5.000963e-04
5.299999999999994e-01	5.097878e-04
5.400000000000009e-01	5.194815e-04
5.500000000000007e-01	5.291772e-04
5.600000000000005e-01	5.388749e-04
5.700000000000003e-01	5.485746e-04
5.800000000000001e-01	5.582763e-04
5.899999999999999e-01	5.679800e-04
5.999999999999996e-01	5.776855e-04
6.099999999999994e-01	5.873930e-04
6.200000000000010e-01	5.971024e-04
6.300000000000008e-01	6.068136e-04
6.400000000000006e-01	6.165266e-04
6.500000000000004e-01	6.262414e-04
6.600000000000001e-01	6.359580e-04
6.699999999999999e-01	6.456764e-04
6.799999999999997e-01	6.553965e-04
6.899999999999995e-01	6.651183e-04
7.000000000000011e-01	6.748418e-04
7.100000000000009e-01	6.845670e-04
7.200000000000006e-01	6.942938e-04
7.300000000000004e-01	7.040222e-04
7.400000000000002e-01	7.137523e-04
7.500000000000000e-01	7.234839e-04
7.599999999999998e-01	7.332172e-04
7.699999999999996e-01	7.429519e-04
7.799999999999994e-01	7.526883e-04
7.900000000000009e-01	7.624261e-04
8.000000000000007e-01	7.721654e-04
8.100000000000005e-01	7.819062e-04
8.200000000000003e-01	7.916485e-04
8.300000000000001e-01	8.013922e-04
8.399999999999999e-01	8.111373e-04
8.499999999999996e-01	8.208839e-04
8.599999999999994e-01	8.306318e-04
8.700000000000010e-01	8.403812e-04
8.800000000000008e-01	8.501319e-04
8.900000000000006e-01	8.598839e-04
9.000000000000004e-01	8.696373e-04
9.100000000000001e-01	8.793920e-04
9.199999999999999e-01	8.891480e-04
9.299999999999997e-01	8.989054e-04
9.399999999999995e-01	9.086640e-04
9.500000000000011e-01	9.184238e-04
9.600000000000009e-01	9.281849e-04
9.700000000000006e-01	9.379473e-04
9.800000000000004e-01	9.477108e-04
9.900000000000002e-01	9.574756e-04
1.000000000000000e+00	9.672416e-04
1.010000000000000e+00	9.770088e-04
1.020000000000000e+00	9.867771e-04
1.029999999999999e+00	9.965466e-04
1.040000000000001e+00	1.006317e-03
1.050000000000001e+00	1.016089e-03
1.060000000000000e+00	1.025862e-03
1.070000000000000e+00	1.035636e-03
1.080000000000000e+00	1.045411e-03
1.090000000000000e+00	1.055187e-03
1.100000000000000e+00	1.064965e-03
1.109999999999999e+00	1.074743e-03
1.120000000000001e+00	1.084523e-03
1.130000000000001e+00	1.094303e-03
1.140000000000001e+00	1.104085e-03
1.150000000000000e+00	1.113867e-03
1.160000000000000e+00	1.123651e-03
1.170000000000000e+00	1.133435e-03
1.180000000000000e+00	1.143221e-03
1.190000000000000e+00	1.153007e-03
1.200000000000001e+00	1.162795e-03
1.210000000000001e+00	1.172584e-03
1.220000000000001e+00	1.182373e-03
1.230000000000000e+00	1.192164e-03
1.240000000000000e+00	1.201955e-03
1.250000000000000e+00	1.211747e-03
1.260000000000000e+00	1.221541e-03
1.270000000000000e+00	1.231335e-03
1.279999999999999e+00	1.241130e-03
1.290000000000001e+00	1.250926e-03
1.300000000000001e+00	1.260723e-03
1.310000000000000e+00	1.270521e-03
1.320000000000000e+00	1.280319e-03
1.330000000000000e+00	1.290119e-03
1.340000000000000e+00	1.299919e-03
1.350000000000000e+00	1.309720e-03
1.359999999999999e+00	1.319522e-03
1.370000000000001e+00	1.329325e-03
1.380000000000001e+00	1.339129e-03
1.390000000000001e+00	1.348934e-03
1.400000000000000e+00	1.358739e-03
1.410000000000000e+00	1.368545e-03
1.420000000000000e+00	1.378352e-03
1.430000000000000e+00	1.388160e-03
1.440000000000000e+00	1.397969e-03
1.450000000000001e+00	1.407778e-03
1.460000000000001e+00	1.417588e-03
1.470000000000001e+00	1.427399e-03
1.480000000000000e+00	1.437211e-03
1.490000000000000e+00	1.447023e-03
1.500000000000000e+00	1.456836e-03
1.510000000000000e+00	1.466650e-03
1.520000000000000e+00	1.476465e-03
1.529999999999999e+00	1.486280e-03
1.540000000000001e+00	1.496096e-03
1.550000000000001e+00	1.505913e-03
1.560000000000000e+00	1.515731e-03
1.570000000000000e+00	1.525549e-03
1.580000000000000e+00	1.535368e-03
1.590000000000000e+00	1.545188e-03
1.600000000000000e+00	1.555008e-03
1.609999999999999e+00	1.564829e-03
1.620000000000001e+00	1.574651e-03
1.630000000000001e+00	1.584473e-03
1.640000000000001e+00	1.594296e-03
1.650000000000000e+00	1.604120e-03
1.660000000000000e+00	1.613944e-03
1.670000000000000e+00	1.623769e-03
1.680000000000000e+00	1.633595e-03
1.690000000000000e+00	1.643421e-03
1.700000000000001e+00	1.653248e-03
1.710000000000001e+00	1.663076e-03
1.720000000000001e+00	1.672904e-03
1.730000000000000e+00	1.682733e-03
1.740000000000000e+00	1.692562e-03
1.750000000000000e+00	1.702392e-03
1.760000000000000e+00	1.712223e-03
1.770000000000000e+00	1.722055e-03
1.779999999999999e+00	1.731886e-03
1.790000000000001e+00	1.741719e-03
1.800000000000001e+00	1.751552e-03
1.810000000000000e+00	1.761386e-03
1.820000000000000e+00	1.771220e-03
1.830000000000000e+00	1.781055e-03
1.840000000000000e+00	1.790890e-03
1.850000000000000e+00	1.800726e-03
1.859999999999999e+00	1.810563e-03
1.870000000000001e+00	1.820400e-03
1.880000000000001e+00	1.830237e-03
1.890000000000001e+00	1.840076e-03
1.900000000000000e+00	1.849914e-03
1.910000000000000e+00	1.859754e-03
1.920000000000000e+00	1.869594e-03
1.930000000000000e+00	1.879434e-03
1.940000000000000e+00	1.889275e-03
1.950000000000001e+00	1.899116e-03
1.960000000000001e+00	1.908958e-03
1.970000000000001e+00	1.918801e-03
1.980000000000000e+00	1.928644e-03
1.990000000000000e+00	1.938487e-03
2.000000000000000e+00	1.948331e-03
2.010000000000000e+00	1.958176e-03
2.020000000000000e+00	1.968021e-03
2.030000000000001e+00	1.977867e-03
2.040000000000001e+00	1.987713e-03
2.050000000000001e+00	1.997559e-03
2.060000000000000e+00	2.007406e-03
2.070000000000000e+00	2.017254e-03
2.080000000000000e+00	2.027102e-03
2.090000000000000e+00	2.036950e-03
2.100000000000000e+00	2.046800e-03
2.109999999999999e+00	2.056649e-03
2.120000000000001e+00	2.066499e-03
2.130000000000001e+00	2.076349e-03
2.140000000000001e+00	2.086200e-03
2.150000000000000e+00	2.096051e-03
2.160000000000000e+00	2.105903e-03
2.170000000000000e+00	2.115755e-03
2.180000000000000e+00	2.125608e-03
2.190000000000000e+00	2.135461e-03
2.200000000000001e+00	2.145315e-03
2.210000000000001e+00	2.155169e-03
2.220000000000001e+00	2.165023e-03
2.230000000000000e+00	2.174878e-03
2.240000000000000e+00	2.184734e-03
2.250000000000000e+00	2.194589e-03
2.260000000000000e+00	2.204446e-03
2.270000000000000e+00	2.214302e-03
2.280000000000001e+00	2.224159e-03
2.290000000000001e+00	2.234017e-03
2.300000000000001e+00	2.243875e-03
2.310000000000000e+00	2.253733e-03
2.320000000000000e+00	2.263592e-03
2.330000000000000e+00	2.273451e-03
2.340000000000000e+00	2.283311e-03
2.350000000000000e+00	2.293171e-03
2.359999999999999e+00	2.303031e-03
2.370000000000001e+00	2.312892e-03
2.380000000000001e+00	2.322753e-03
2.390000000000001e+00	2.332615e-03
2.400000000000000e+00	2.342477e-03
2.410000000000000e+00	2.352339e-03
2.420000000000000e+00	2.362202e-03
2.430000000000000e+00	2.372065e-03
2.440000000000000e+00	2.381928e-03
2.450000000000001e+00	2.391792e-03
2.460000000000001e+00	2.401657e-03
2.470000000000001e+00	2.411521e-03
2.480000000000000e+00	2.421386e-03
2.490000000000000e+00	2.431252e-03
2.500000000000000e+00	2.441118e-03
2.510000000000000e+00	2.450984e-03
2.520000000000000e+00	2.460850e-03
2.530000000000001e+00	2.470717e-03
2.540000000000001e+00	2.480584e-03
2.550000000000001e+00	2.490452e-03
2.560000000000000e+00	2.500320e-03
2.570000000000000e+00	2.510188e-03
2.580000000000000e+00	2.520057e-03
2.590000000000000e+00	2.529926e-03
2.600000000000000e+00	2.539795e-03
2.609999999999999e+00	2.549665e-03
2.620000000000001e+00	2.559535e-03
2.630000000000001e+00	2.569406e-03
2.640000000000001e+00	2.579276e-03
2.650000000000000e+00	2.589148e-03
2.660000000000000e+00	2.599019e-03
2.670000000000000e+00	2.608891e-03
2.680000000000000e+00	2.618763e-03
2.690000000000000e+00	2.628635e-03
2.700000000000001e+00	2.638508e-03
2.710000000000001e+00	2.648381e-03
2.720000000000001e+00	2.658255e-03
2.730000000000000e+00	2.668129e-03
2.740000000000000e+00	2.678003e-03
2.750000000000000e+00	2.687877e-03
2.760000000000000e+00	2.697752e-03
2.770000000000000e+00	2.707627e-03
2.780000000000001e+00	2.717502e-03
2.790000000000001e+00	2.727378e-03
2.800000000000001e+00	2.737254e-03
2.810000000000000e+00	2.747130e-03
2.820000000000000e+00	2.757007e-03
2.830000000000000e+00	2.766884e-03
2.840000000000000e+00	2.776761e-03
2.850000000000000e+00	2.786639e-03
2.859999999999999e+00	2.796517e-03
2.870000000000001e+00	2.806395e-03
2.880000000000001e+00	2.816273e-03
2.890000000000001e+00	2.826152e-03
2.900000000000000e+00	2.836031e-03
2.910000000000000e+00	2.845910e-03
2.920000000000000e+00	2.855790e-03
2.930000000000000e+00	2.865670e-03
2.940000000000000e+00	2.875550e-03
2.950000000000001e+00	2.885430e-03
2.960000000000001e+00	2.895311e-03
2.970000000000001e+00	2.905192e-03
2.980000000000000e+00	2.915074e-03
2.990000000000000e+00	2.924955e-03
3.000000000000000e+00	2.934837e-03
3.010000000000000e+00	2.944720e-03
3.020000000000000e+00	2.954602e-03
3.030000000000001e+00	2.964485e-03
3.040000000000001e+00	2.974368e-03
3.050000000000001e+00	2.984251e-03
3.060000000000000e+00	2.994135e-03
3.070000000000000e+00	3.004018e-03
3.080000000000000e+00	3.013903e-03
3.090000000000000e+00	3.023787e-03
3.100000000000000e+00	3.033672e-03
3.109999999999999e+00	3.043557e-03
3.120000000000001e+00	3.053442e-03
3.130000000000001e+00	3.063327e-03
3.140000000000001e+00	3.073213e-03
3.150000000000000e+00	3.083099e-03
3.160000000000000e+00	3.092985e-03
3.170000000000000e+00	3.102872e-03
3.180000000000000e+00	3.112759e-03
3.190000000000000e+00	3.122645e-03
3.200000000000001e+00	3.132533e-03
3.210000000000001e+00	3.142420e-03
3.220000000000001e+00	3.152308e-03
3.230000000000000e+00	3.162196e-03
3.240000000000000e+00	3.172084e-03
3.250000000000000e+00	3.181973e-03
3.260000000000000e+00	3.191862e-03
3.270000000000000e+00	3.201751e-03
3.280000000000001e+00	3.211640e-03
3.290000000000001e+00	3.221530e-03
3.300000000000001e+00	3.231419e-03
3.310000000000000e+00	3.241309e-03
3.320000000000000e+00	3.251199e-03
3.330000000000000e+00	3.261090e-03
3.340000000000000e+00	3.270981e-03
3.350000000000000e+00	3.280872e-03
3.359999999999999e+00	3.290763e-03
3.370000000000001e+00	3.300654e-03
3.380000000000001e+00	3.310546e-03
3.390000000000001e+00	3.320438e-03
3.400000000000000e+00	3.330330e-03
3.410000000000000e+00	3.340222e-03
3.420000000000000e+00	3.350115e-03
3.430000000000000e+00	3.360007e-03
3.440000000000000e+00	3.369901e-03
3.450000000000001e+00	3.379794e-03
3.460000000000001e+00	3.389687e-03
3.470000000000001e+00	3.399581e-03
3.480000000000000e+00	3.409475e-03
3.490000000000000e+00	3.419369e-03
3.500000000000000e+00	3.429263e-03
3.510000000000000e+00	3.439158e-03
3.520000000000000e+00	3.449053e-03
3.530000000000001e+00	3.458948e-03
3.540000000000001e+00	3.468843e-03
3.550000000000001e+00	3.478738e-03
3.560000000000000e+00	3.488634e-03
3.570000000000000e+00	3.498530e-03
3.580000000000000e+00	3.508426e-03
3.590000000000000e+00	3.518322e-03
3.600000000000000e+00	3.528219e-03
3.609999999999999e+00	3.538116e-03
3.620000000000001e+00	3.548013e-03
3.630000000000001e+00	3.557910e-03
3.640000000000001e+00	3.567807e-03
3.650000000000000e+00	3.577705e-03
3.660000000000000e+00	3.587602e-03
3.670000000000000e+00	3.597501e-03
3.680000000000000e+00	3.607399e-03
3.690000000000000e+00	3.617297e-03
3.700000000000001e+00	3.627195e-03
3.710000000000001e+00	3.637094e-03
3.720000000000001e+00	3.646993e-03
3.730000000000000e+00	3.656893e-03
3.740000000000000e+00	3.666792e-03
3.750000000000000e+00	3.676692e-03
3.760000000000000e+00	3.686591e-03
3.770000000000000e+00	3.696491e-03
3.780000000000001e+00	3.706391e-03
3.790000000000001e+00	3.716292e-03
3.800000000000001e+00	3.726192e-03
3.810000000000000e+00	3.736093e-03
3.820000000000000e+00	3.745994e-03
3.830000000000000e+00	3.755895e-03
3.840000000000000e+00	3.765796e-03
3.850000000000000e+00	3.775698e-03
3.859999999999999e+00	3.785599e-03
3.870000000000001e+00	3.795502e-03
3.880000000000001e+00	3.805404e-03
3.890000000000001e+00	3.815306e-03
3.900000000000000e+00	3.825208e-03
3.910000000000000e+00	3.835111e-03
3.920000000000000e+00	3.845014e-03
3.930000000000000e+00	3.854917e-03
3.940000000000000e+00	3.864820e-03
3.950000000000001e+00	3.874723e-03
3.960000000000001e+00	3.884627e-03
3.970000000000001e+00	3.894530e-03
3.980000000000000e+00	3.904434e-03
3.990000000000000e+00	3.914339e-03
4.000000000000000e+00	3.924243e-03
4.010000000000000e+00	3.934147e-03
4.020000000000000e+00	3.944051e-03
4.030000000000001e+00	3.953957e-03
4.040000000000001e+00	3.963861e-03
4.050000000000001e+00	3.973767e-03
4.060000000000000e+00	3.983672e-03
4.070000000000000e+00	3.993577e-03
4.080000000000000e+00	4.003483e-03
4.090000000000000e+00	4.013389e-03
4.100000000000000e+00	4.023295e-03
4.109999999999999e+00	4.033201e-03
4.120000000000001e+00	4.043107e-03
4.130000000000001e+00	4.053014e-03
4.140000000000001e+00	4.062920e-03
4.150000000000000e+00	4.072827e-03
4.160000000000000e+00	4.082734e-03
4.170000000000000e+00	4.092641e-03
4.180000000000000e+00	4.102549e-03
4.190000000000000e+00	4.112456e-03
4.200000000000001e+00	4.122364e-03
4.210000000000001e+00	4.132272e-03
4.220000000000001e+00	4.142180e-03
4.230000000000000e+00	4.152087e-03
4.240000000000000e+00	4.161996e-03
4.250000000000000e+00	4.171905e-03
4.260000000000000e+00	4.181813e-03
4.270000000000000e+00	4.191722e-03
4.280000000000001e+00	4.201631e-03
4.290000000000001e+00	4.211540e-03
4.300000000000001e+00	4.221449e-03
4.310000000000000e+00	4.231358e-03
4.320000000000000e+00	4.241268e-03
4.330000000000000e+00	4.251178e-03
4.340000000000000e+00	4.261088e-03
4.350000000000000e+00	4.270998e-03
4.359999999999999e+00	4.280908e-03
4.370000000000001e+00	4.290818e-03
4.380000000000001e+00	4.300729e-03
4.390000000000001e+00	4.310640e-03
4.400000000000000e+00	4.320550e-03
4.410000000000000e+00	4.330461e-03
4.420000000000000e+00	4.340373e-03
4.430000000000000e+00	4.350284e-03
4.440000000000000e+00	4.360195e-03
4.450000000000001e+00	4.370106e-03
4.460000000000001e+00	4.380018e-03
4.470000000000001e+00	4.389930e-03
4.480000000000000e+00	4.399842e-03
4.490000000000000e+00	4.409754e-03
4.500000000000000e+00	4.419666e-03
4.510000000000000e+00	4.429579e-03
4.520000000000000e+00	4.439491e-03
4.530000000000001e+00	4.449404e-03
4.540000000000001e+00	4.459317e-03
4.550000000000001e+00	4.469230e-03
4.560000000000000e+00	4.479143e-03
4.570000000000000e+00	4.489056e-03
4.580000000000000e+00	4.498970e-03
4.590000000000000e+00	4.508884e-03
4.600000000000000e+00	4.518797e-03
4.609999999999999e+00	4.528711e-03
4.620000000000001e+00	4.538625e-03
4.630000000000001e+00	4.548539e-03
4.640000000000001e+00	4.558453e-03
4.650000000000000e+00	4.568368e-03
4.660000000000000e+00	4.578283e-03
4.670000000000000e+00	4.588197e-03
4.680000000000000e+00	4.598112e-03
4.690000000000000e+00	4.608027e-03
4.700000000000001e+00	4.617942e-03
4.710000000000001e+00	4.627857e-03
4.720000000000001e+00	4.637773e-03
4.730000000000000e+00	4.647688e-03
4.740000000000000e+00	4.657604e-03
4.750000000000000e+00	4.667520e-03
4.760000000000000e+00	4.677435e-03
4.770000000000000e+00	4.687351e-03
4.780000000000001e+00	4.697267e-03
4.790000000000001e+00	4.707184e-03
4.800000000000001e+00	4.717100e-03
4.810000000000000e+00	4.727017e-03
4.820000000000000e+00	4.736933e-03
4.830000000000000e+00	4.746850e-03
4.840000000000000e+00	4.756767e-03
4.850000000000000e+00	4.766684e-03
4.859999999999999e+00	4.776602e-03
4.870000000000001e+00	4.786519e-03
4.880000000000001e+00	4.796437e-03
4.890000000000001e+00	4.806354e-03
4.900000000000000e+00	4.816272e-03
4.910000000000000e+00	4.826189e-03
4.920000000000000e+00	4.836108e-03
4.930000000000000e+00	4.846026e-03
4.940000000000000e+00	4.855944e-03
4.950000000000001e+00	4.865862e-03
4.960000000000001e+00	4.875781e-03
4.970000000000001e+00	4.885699e-03
4.980000000000000e+00	4.895618e-03
4.990000000000000e+00	4.905537e-03
5.000000000000000e+00	4.915455e-03
5.010000000000000e+00	4.925374e-03
5.020000000000000e+00	4.935294e-03
5.030000000000001e+00	4.945213e-03
5.040000000000001e+00	4.955132e-03
5.050000000000001e+00	4.965052e-03
5.060000000000000e+00	4.974972e-03
5.070000000000000e+00	4.984892e-03
5.080000000000000e+00	4.994811e-03
5.090000000000000e+00	5.004731e-03
5.100000000000000e+00	5.014651e-03
5.109999999999999e+00	5.024572e-03
5.120000000000001e+00	5.034492e-03
5.130000000000001e+00	5.044413e-03
5.140000000000001e+00	5.054333e-03
5.150000000000000e+00	5.064254e-03
5.160000000000000e+00	5.074175e-03
5.170000000000000e+00	5.084096e-03
5.180000000000000e+00	5.094017e-03
5.190000000000000e+00	5.103938e-03
5.200000000000001e+00	5.113860e-03
5.210000000000001e+00	5.123781e-03
5.220000000000001e+00	5.133702e-03
5.230000000000000e+00	5.143624e-03
5.240000000000000e+00	5.153546e-03
5.250000000000000e+00	5.163468e-03
5.260000000000000e+00	5.173390e-03
5.270000000000000e+00	5.183312e-03
5.280000000000001e+00	5.193234e-03
5.290000000000001e+00	5.203156e-03
5.300000000000001e+00	5.213079e-03
5.310000000000000e+00	5.223001e-03
5.320000000000000e+00	5.232924e-03
5.330000000000000e+00	5.242847e-03
5.340000000000000e+00	5.252770e-03
5.350000000000000e+00	5.262692e-03
5.359999999999999e+00	5.272616e-03
5.370000000000001e+00	5.282539e-03
5.380000000000001e+00	5.292462e-03
5.390000000000001e+00	5.302385e-03
5.400000000000000e+00	5.312309e-03
5.410000000000000e+00	5.322233e-03
5.420000000000000e+00	5.332157e-03
5.430000000000000e+00	5.342080e-03
5.440000000000000e+00	5.352004e-03
5.450000000000001e+00	5.361928e-03
5.460000000000001e+00	5.371852e-03
5.470000000000001e+00	5.381776e-03
5.480000000000000e+00	5.391701e-03
5.490000000000000e+00	5.401625e-03
5.500000000000000e+00	5.411550e-03
5.510000000000000e+00	5.421475e-03
5.520000000000000e+00	5.431399e-03
5.530000000000001e+00	5.441324e-03
5.540000000000001e+00	5.451249e-03
5.550000000000001e+00	5.461175e-03
5.560000000000000e+00	5.471100e-03
5.570000000000000e+00	5.481025e-03
5.580000000000000e+00	5.490950e-03
5.590000000000000e+00	5.500876e-03
5.600000000000000e+00	5.510801e-03
5.610000000000001e+00	5.520727e-03
5.620000000000001e+00	5.530653e-03
5.630000000000001e+00	5.540579e-03
5.640000000000001e+00	5.550505e-03
5.650000000000000e+00	5.560431e-03
5.660000000000000e+00	5.570357e-03
5.670000000000000e+00	5.580283e-03
5.680000000000000e+00	5.590209e-03
5.690000000000000e+00	5.600136e-03
5.700000000000001e+00	5.610063e-03
5.710000000000001e+00	5.619989e-03
5.720000000000001e+00	5.629916e-03
5.730000000000000e+00	5.639843e-03
5.740000000000000e+00	5.649770e-03
5.750000000000000e+00	5.659697e-03
5.760000000000000e+00	5.669624e-03
5.770000000000000e+00	5.679551e-03
5.780000000000001e+00	5.689478e-03
5.790000000000001e+00	5.699406e-03
5.800000000000001e+00	5.709333e-03
5.810000000000000e+00	5.719261e-03
5.820000000000000e+00	5.729189e-03
5.830000000000000e+00	5.739117e-03
5.840000000000000e+00	5.749044e-03
5.850000000000000e+00	5.758972e-03
5.860000000000001e+00	5.768901e-03
5.870000000000001e+00	5.778829e-03
5.880000000000001e+00	5.788757e-03
5.890000000000001e+00	5.798685e-03
5.900000000000000e+00	5.808614e-03
5.910000000000000e+00	5.818543e-03
5.920000000000000e+00	5.828471e-03
5.930000000000000e+00	5.838400e-03
5.940000000000000e+00	5.848329e-03
5.950000000000001e+00	5.858257e-03
5.960000000000001e+00	5.868187e-03
5.970000000000001e+00	5.878116e-03
5.980000000000000e+00	5.888045e-03
5.990000000000000e+00	5.897974e-03
6.000000000000000e+00	5.907903e-03
6.010000000000002e+00	5.917833e-03
6.020000000000000e+00	5.927762e-03
6.030000000000001e+00	5.937692e-03
6.039999999999999e+00	5.947622e-03
6.050000000000001e+00	5.957552e-03
6.059999999999999e+00	5.967482e-03
6.070000000000000e+00	5.977411e-03
6.080000000000002e+00	5.987342e-03
6.090000000000000e+00	5.997272e-03
6.100000000000001e+00	6.007202e-03
6.109999999999999e+00	6.017132e-03
6.120000000000001e+00	6.027062e-03
6.129999999999999e+00	6.036993e-03
6.140000000000001e+00	6.046924e-03
6.149999999999999e+00	6.056855e-03
6.160000000000000e+00	6.066785e-03
6.170000000000002e+00	6.076716e-03
6.180000000000000e+00	6.086647e-03
6.190000000000001e+00	6.096578e-03
6.199999999999999e+00	6.106509e-03
6.210000000000001e+00	6.116440e-03
6.219999999999999e+00	6.126371e-03
6.230000000000000e+00	6.136303e-03
6.240000000000002e+00	6.146234e-03
6.250000000000000e+00	6.156166e-03
6.260000000000002e+00	6.166097e-03
6.270000000000000e+00	6.176029e-03
6.280000000000001e+00	6.185960e-03
6.289999999999999e+00	6.195893e-03
6.300000000000001e+00	6.205824e-03
6.309999999999999e+00	6.215756e-03
6.320000000000000e+00	6.225688e-03
6.330000000000002e+00	6.235620e-03
6.340000000000000e+00	6.245553e-03
6.350000000000001e+00	6.255485e-03
6.359999999999999e+00	6.265418e-03
6.370000000000001e+00	6.275350e-03
6.379999999999999e+00	6.285283e-03
6.390000000000001e+00	6.295215e-03
6.399999999999999e+00	6.305148e-03
6.410000000000000e+00	6.315081e-03
6.420000000000002e+00	6.325013e-03
6.430000000000000e+00	6.334946e-03
6.440000000000001e+00	6.344880e-03
6.449999999999999e+00	6.354813e-03
6.460000000000001e+00	6.364746e-03
6.469999999999999e+00	6.374679e-03
6.480000000000000e+00	6.384613e-03
6.490000000000002e+00	6.394546e-03
6.500000000000000e+00	6.404479e-03
6.510000000000002e+00	6.414413e-03
6.520000000000000e+00	6.424346e-03
6.530000000000001e+00	6.434280e-03
6.539999999999999e+00	6.444214e-03
6.550000000000001e+00	6.454148e-03
6.559999999999999e+00	6.464082e-03
6.570000000000000e+00	6.474016e-03
6.580000000000002e+00	6.483950e-03
6.590000000000000e+00	6.493885e-03
6.600000000000001e+00	6.503819e-03
6.609999999999999e+00	6.513753e-03
6.620000000000001e+00	6.523687e-03
6.629999999999999e+00	6.533622e-03
6.640000000000001e+00	6.543557e-03
6.649999999999999e+00	6.553491e-03
6.660000000000000e+00	6.563426e-03
6.670000000000002e+00	6.573360e-03
6.680000000000000e+00	6.583295e-03
6.690000000000001e+00	6.593230e-03
6.699999999999999e+00	6.603166e-03
6.710000000000001e+00	6.613100e-03
6.719999999999999e+00	6.623036e-03
6.730000000000000e+00	6.632971e-03
6.740000000000002e+00	6.642906e-03
6.750000000000000e+00	6.652841e-03
6.760000000000002e+00	6.662777e-03
6.770000000000000e+00	6.672713e-03
6.780000000000001e+00	6.682648e-03
6.789999999999999e+00	6.692584e-03
6.800000000000001e+00	6.702519e-03
6.809999999999999e+00	6.712455e-03
6.820000000000000e+00	6.722391e-03
6.830000000000002e+00	6.732327e-03
6.840000000000000e+00	6.742263e-03
6.850000000000001e+00	6.752199e-03
6.859999999999999e+00	6.762135e-03
6.870000000000001e+00	6.772072e-03
6.879999999999999e+00	6.782008e-03
6.890000000000001e+00	6.791944e-03
6.899999999999999e+00	6.801880e-03
6.910000000000000e+00	6.811817e-03
6.920000000000002e+00	6.821753e-03
6.930000000000000e+00	6.831690e-03
6.940000000000001e+00	6.841627e-03
6.949999999999999e+00	6.851564e-03
6.960000000000001e+00	6.861500e-03
6.969999999999999e+00	6.871438e-03
6.980000000000000e+00	6.881374e-03
6.990000000000002e+00	6.891312e-03
7.000000000000000e+00	6.901249e-03
7.010000000000002e+00	6.911186e-03
7.020000000000000e+00	6.921123e-03
7.030000000000001e+00	6.931060e-03
7.039999999999999e+00	6.940998e-03
7.050000000000001e+00	6.950935e-03
7.059999999999999e+00	6.960873e-03
7.070000000000000e+00	6.970810e-03
7.080000000000002e+00	6.980748e-03
7.090000000000000e+00	6.990686e-03
7.100000000000001e+00	7.000623e-03
7.109999999999999e+00	7.010561e-03
7.120000000000001e+00	7.020499e-03
7.129999999999999e+00	7.030437e-03
7.140000000000001e+00	7.040375e-03
7.150000000000002e+00	7.050314e-03
7.160000000000000e+00	7.060252e-03
7.170000000000002e+00	7.070190e-03
7.180000000000000e+00	7.080128e-03
7.190000000000001e+00	7.090067e-03
7.199999999999999e+00	7.100005e-03
7.210000000000001e+00	7.109943e-03
7.219999999999999e+00	7.119882e-03
7.230000000000000e+00	7.129821e-03
7.240000000000002e+00	7.139759e-03
7.250000000000000e+00	7.149698e-03
7.260000000000002e+00	7.159637e-03
7.270000000000000e+00	7.169576e-03
7.280000000000001e+00	7.179515e-03
7.289999999999999e+00	7.189454e-03
7.300000000000001e+00	7.199393e-03
7.309999999999999e+00	7.209332e-03
7.320000000000000e+00	7.219271e-03
7.330000000000002e+00	7.229210e-03
7.340000000000000e+00	7.239149e-03
7.350000000000001e+00	7.249089e-03
7.359999999999999e+00	7.259028e-03
7.370000000000001e+00	7.268968e-03
7.379999999999999e+00	7.278908e-03
7.390000000000001e+00	7.288847e-03
7.400000000000002e+00	7.298787e-03
7.410000000000000e+00	7.308727e-03
7.420000000000002e+00	7.318666e-03
7.430000000000000e+00	7.328606e-03
7.440000000000001e+00	7.338546e-03
7.449999999999999e+00	7.348486e-03
7.460000000000001e+00	7.358426e-03
7.469999999999999e+00	7.368366e-03
7.480000000000000e+00	7.378307e-03
7.490000000000002e+00	7.388247e-03
7.500000000000000e+00	7.398187e-03
7.510000000000002e+00	7.408128e-03
7.520000000000000e+00	7.418068e-03
7.530000000000001e+00	7.428008e-03
7.539999999999999e+00	7.437949e-03
7.550000000000001e+00	7.447890e-03
7.559999999999999e+00	7.457830e-03
7.570000000000000e+00	7.467771e-03
7.580000000000002e+00	7.477711e-03
7.590000000000000e+00	7.487652e-03
7.600000000000001e+00	7.497593e-03
7.609999999999999e+00	7.507534e-03
7.620000000000001e+00	7.517475e-03
7.629999999999999e+00	7.527416e-03
7.640000000000001e+00	7.537358e-03
7.650000000000002e+00	7.547298e-03
7.660000000000000e+00	7.557240e-03
7.670000000000002e+00	7.567181e-03
7.680000000000000e+00	7.577123e-03
7.690000000000001e+00	7.587064e-03
7.699999999999999e+00	7.597005e-03
7.710000000000001e+00	7.606947e-03
7.719999999999999e+00	7.616888e-03
7.730000000000000e+00	7.626830e-03
7.740000000000002e+00	7.636772e-03
7.750000000000000e+00	7.646713e-03
7.760000000000002e+00	7.656655e-03
7.770000000000000e+00	7.666597e-03
7.780000000000001e+00	7.676539e-03
7.789999999999999e+00	7.686481e-03
7.800000000000001e+00	7.696423e-03
7.809999999999999e+00	7.706365e-03
7.820000000000000e+00	7.716307e-03
7.830000000000002e+00	7.726249e-03
7.840000000000000e+00	7.736192e-03
7.850000000000001e+00	7.746134e-03
7.859999999999999e+00	7.756076e-03
7.870000000000001e+00	7.766019e-03
7.879999999999999e+00	7.775961e-03
7.890000000000001e+00	7.785904e-03
7.900000000000002e+00	7.795847e-03
7.910000000000000e+00	7.805789e-03
7.920000000000002e+00	7.815732e-03
7.930000000000000e+00	7.825674e-03
7.940000000000001e+00	7.835617e-03
7.949999999999999e+00	7.845560e-03
7.960000000000001e+00	7.855503e-03
7.969999999999999e+00	7.865446e-03
7.980000000000000e+00	7.875388e-03
7.990000000000002e+00	7.885332e-03
8.000000000000000e+00	7.895275e-03
8.010000000000002e+00	7.905218e-03
8.020000000000000e+00	7.915162e-03
8.030000000000001e+00	7.925104e-03
8.039999999999999e+00	7.935048e-03
8.050000000000001e+00	7.944992e-03
8.059999999999999e+00	7.954935e-03
8.070000000000000e+00	7.964878e-03
8.080000000000002e+00	7.974822e-03
8.090000000000000e+00	7.984766e-03
8.100000000000001e+00	7.994710e-03
8.109999999999999e+00	8.004653e-03
8.120000000000001e+00	8.014597e-03
8.129999999999999e+00	8.024541e-03
8.140000000000001e+00	8.034484e-03
8.150000000000002e+00	8.044428e-03
8.160000000000000e+00	8.054372e-03
8.170000000000002e+00	8.064316e-03
8.180000000000000e+00	8.074260e-03
8.190000000000001e+00	8.084204e-03
8.199999999999999e+00	8.094149e-03
8.210000000000001e+00	8.104092e-03
8.219999999999999e+00	8.114037e-03
8.230000000000000e+00	8.123981e-03
8.240000000000002e+00	8.133925e-03
8.250000000000000e+00	8.143870e-03
8.260000000000002e+00	8.153815e-03
8.270000000000000e+00	8.163759e-03
8.280000000000001e+00	8.173703e-03
8.289999999999999e+00	8.183648e-03
8.300000000000001e+00	8.193593e-03
8.309999999999999e+00	8.203537e-03
8.320000000000000e+00	8.213482e-03
8.330000000000002e+00	8.223427e-03
8.340000000000000e+00	8.233372e-03
8.350000000000001e+00	8.243317e-03
8.359999999999999e+00	8.253261e-03
8.370000000000001e+00	8.263207e-03
8.379999999999999e+00	8.273152e-03
8.390000000000001e+00	8.283097e-03
8.400000000000002e+00	8.293042e-03
8.410000000000000e+00	8.302988e-03
8.420000000000002e+00	8.312932e-03
8.430000000000000e+00	8.322878e-03
8.440000000000001e+00	8.332823e-03
8.449999999999999e+00	8.342769e-03
8.460000000000001e+00	8.352714e-03
8.469999999999999e+00	8.362659e-03
8.480000000000000e+00	8.372605e-03
8.490000000000002e+00	8.382550e-03
8.500000000000000e+00	8.392496e-03
8.510000000000002e+00	8.402442e-03
8.520000000000000e+00	8.412387e-03
8.530000000000001e+00	8.422334e-03
8.539999999999999e+00	8.432279e-03
8.550000000000001e+00	8.442225e-03
8.559999999999999e+00	8.452171e-03
8.570000000000000e+00	8.462117e-03
8.580000000000002e+00	8.472063e-03
8.590000000000000e+00	8.482009e-03
8.600000000000001e+00	8.491955e-03
8.609999999999999e+00	8.501901e-03
8.620000000000001e+00	8.511848e-03
8.629999999999999e+00	8.521793e-03
8.640000000000001e+00	8.531740e-03
8.650000000000002e+00	8.541686e-03
8.660000000000000e+00	8.551633e-03
8.670000000000002e+00	8.561580e-03
8.680000000000000e+00	8.571526e-03
8.690000000000001e+00	8.581473e-03
8.699999999999999e+00	8.591419e-03
8.710000000000001e+00	8.601366e-03
8.719999999999999e+00	8.611312e-03
8.730000000000000e+00	8.621259e-03
8.740000000000002e+00	8.631205e-03
8.750000000000000e+00	8.641153e-03
8.760000000000002e+00	8.651099e-03
8.770000000000000e+00	8.661046e-03
8.780000000000001e+00	8.670993e-03
8.789999999999999e+00	8.680940e-03
8.800000000000001e+00	8.690887e-03
8.809999999999999e+00	8.700834e-03
8.820000000000000e+00	8.710781e-03
8.830000000000002e+00	8.720729e-03
8.840000000000000e+00	8.730675e-03
8.850000000000001e+00	8.740623e-03
8.859999999999999e+00	8.750570e-03
8.870000000000001e+00	8.760517e-03
8.879999999999999e+00	8.770465e-03
8.890000000000001e+00	8.780412e-03
8.900000000000002e+00	8.790360e-03
8.910000000000000e+00	8.800307e-03
8.920000000000002e+00	8.810255e-03
8.930000000000000e+00	8.820202e-03
8.940000000000001e+00	8.830150e-03
8.949999999999999e+00	8.840097e-03
8.960000000000001e+00	8.850046e-03
8.969999999999999e+00	8.859993e-03
8.980000000000000e+00	8.869940e-03
8.990000000000002e+00	8.879889e-03
9.000000000000000e+00	8.889836e-03
9.010000000000002e+00	8.899785e-03
9.020000000000000e+00	8.909732e-03
9.030000000000001e+00	8.919680e-03
9.039999999999999e+00	8.929629e-03
9.050000000000001e+00	8.939576e-03
9.059999999999999e+00	8.949525e-03
9.070000000000000e+00	8.959473e-03
9.080000000000002e+00	8.969421e-03
9.090000000000000e+00	8.979370e-03
9.100000000000001e+00	8.989318e-03
9.109999999999999e+00	8.999267e-03
9.120000000000001e+00	9.009215e-03
9.129999999999999e+00	9.019163e-03
9.140000000000001e+00	9.029112e-03
9.150000000000002e+00	9.039060e-03
9.160000000000000e+00	9.049009e-03
9.170000000000002e+00	9.058957e-03
9.180000000000000e+00	9.068906e-03
9.190000000000001e+00	9.078855e-03
9.199999999999999e+00	9.088803e-03
9.210000000000001e+00	9.098752e-03
9.219999999999999e+00	9.108701e-03
9.230000000000000e+00	9.118650e-03
9.240000000000002e+00	9.128598e-03
9.250000000000000e+00	9.138548e-03
9.260000000000002e+00	9.148496e-03
9.270000000000000e+00	9.158446e-03
9.280000000000001e+00	9.168395e-03
9.289999999999999e+00	9.178344e-03
9.300000000000001e+00	9.188293e-03
9.309999999999999e+00	9.198242e-03
9.320000000000000e+00	9.208191e-03
9.330000000000002e+00	9.218141e-03
9.340000000000000e+00	9.228090e-03
9.350000000000001e+00	9.238039e-03
9.359999999999999e+00	9.247988e-03
9.370000000000001e+00	9.257938e-03
9.379999999999999e+00	9.267888e-03
9.390000000000001e+00	9.277837e-03
9.400000000000002e+00	9.287787e-03
9.410000000000000e+00	9.297736e-03
9.420000000000002e+00	9.307686e-03
9.430000000000000e+00	9.317636e-03
9.440000000000001e+00	9.327585e-03
9.449999999999999e+00	9.337535e-03
9.460000000000001e+00	9.347484e-03
9.469999999999999e+00	9.357435e-03
9.480000000000000e+00	9.367384e-03
9.490000000000002e+00	9.377334e-03
9.500000000000000e+00	9.387285e-03
9.510000000000002e+00	9.397234e-03
9.520000000000000e+00	9.407184e-03
9.530000000000001e+00	9.417134e-03
9.539999999999999e+00	9.427085e-03
9.550000000000001e+00	9.437035e-03
9.559999999999999e+00	9.446985e-03
9.570000000000000e+00	9.456935e-03
9.580000000000002e+00	9.466886e-03
9.590000000000000e+00	9.476836e-03
9.600000000000001e+00	9.486786e-03
9.609999999999999e+00	9.496736e-03
9.620000000000001e+00	9.506687e-03
9.629999999999999e+00	9.516637e-03
9.640000000000001e+00	9.526587e-03
9.650000000000002e+00	9.536538e-03
9.660000000000000e+00	9.546489e-03
9.670000000000002e+00	9.556439e-03
9.680000000000000e+00	9.566390e-03
9.690000000000001e+00	9.576340e-03
9.699999999999999e+00	9.586291e-03
9.710000000000001e+00	9.596242e-03
9.719999999999999e+00	9.606193e-03
9.730000000000000e+00	9.616143e-03
9.740000000000002e+00	9.626094e-03
9.750000000000000e+00	9.636045e-03
9.760000000000002e+00	9.645996e-03
9.770000000000000e+00	9.655947e-03
9.780000000000001e+00	9.665898e-03
9.789999999999999e+00	9.675849e-03
9.800000000000001e+00	9.685800e-03
9.809999999999999e+00	9.695752e-03
9.820000000000000e+00	9.705703e-03
9.830000000000002e+00	9.715654e-03
9.840000000000000e+00	9.725605e-03
9.850000000000001e+00	9.735556e-03
9.859999999999999e+00	9.745508e-03
9.870000000000001e+00	9.755459e-03
9.879999999999999e+00	9.765410e-03
9.890000000000001e+00	9.775361e-03
9.900000000000002e+00	9.785313e-03
9.910000000000000e+00	9.795264e-03
9.920000000000002e+00	9.805216e-03
9.930000000000000e+00	9.815168e-03
9.940000000000001e+00	9.825119e-03
9.949999999999999e+00	9.835071e-03
9.960000000000001e+00	9.845022e-03
9.969999999999999e+00	9.854974e-03
9.980000000000000e+00	9.864925e-03
9.990000000000002e+00	9.874878e-03
1.000000000000000e+01	9.884830e-03
