V1	I(D1)
-1.000000000000000e+01	-7.728904e-03
-9.990000000000000e+00	-7.718957e-03
-9.980000000000000e+00	-7.709010e-03
-9.970000000000001e+00	-7.699062e-03
-9.960000000000001e+00	-7.689114e-03
-9.949999999999999e+00	-7.679167e-03
-9.940000000000000e+00	-7.669219e-03
-9.930000000000000e+00	-7.659272e-03
-9.920000000000000e+00	-7.649324e-03
-9.910000000000000e+00	-7.639377e-03
-9.900000000000000e+00	-7.629429e-03
-9.890000000000001e+00	-7.619482e-03
-9.880000000000001e+00	-7.609535e-03
-9.869999999999999e+00	-7.599588e-03
-9.859999999999999e+00	-7.589641e-03
-9.850000000000000e+00	-7.579694e-03
-9.840000000000000e+00	-7.569747e-03
-9.830000000000000e+00	-7.559800e-03
-9.820000000000000e+00	-7.549853e-03
-9.810000000000000e+00	-7.539907e-03
-9.800000000000001e+00	-7.529960e-03
-9.789999999999999e+00	-7.520013e-03
-9.779999999999999e+00	-7.510066e-03
-9.770000000000000e+00	-7.500120e-03
-9.760000000000000e+00	-7.490173e-03
-9.750000000000000e+00	-7.480227e-03
-9.740000000000000e+00	-7.470280e-03
-9.730000000000000e+00	-7.460334e-03
-9.720000000000001e+00	-7.450388e-03
-9.710000000000001e+00	-7.440442e-03
-9.699999999999999e+00	-7.430496e-03
-9.690000000000000e+00	-7.420550e-03
-9.680000000000000e+00	-7.410604e-03
-9.670000000000000e+00	-7.400658e-03
-9.660000000000000e+00	-7.390711e-03
-9.650000000000000e+00	-7.380766e-03
-9.640000000000001e+00	-7.370820e-03
-9.630000000000001e+00	-7.360874e-03
-9.619999999999999e+00	-7.350929e-03
-9.609999999999999e+00	-7.340983e-03
-9.600000000000000e+00	-7.331037e-03
-9.590000000000000e+00	-7.321092e-03
-9.580000000000000e+00	-7.311147e-03
-9.570000000000000e+00	-7.301201e-03
-9.560000000000000e+00	-7.291256e-03
-9.550000000000001e+00	-7.281311e-03
-9.539999999999999e+00	-7.271366e-03
-9.529999999999999e+00	-7.261421e-03
-9.520000000000000e+00	-7.251475e-03
-9.510000000000000e+00	-7.241530e-03
-9.500000000000000e+00	-7.231586e-03
-9.490000000000000e+00	-7.221641e-03
-9.480000000000000e+00	-7.211696e-03
-9.470000000000001e+00	-7.201751e-03
-9.460000000000001e+00	-7.191807e-03
-9.449999999999999e+00	-7.181862e-03
-9.440000000000000e+00	-7.171917e-03
-9.430000000000000e+00	-7.161973e-03
-9.420000000000000e+00	-7.152028e-03
-9.410000000000000e+00	-7.142084e-03
-9.400000000000000e+00	-7.132140e-03
-9.390000000000001e+00	-7.122196e-03
-9.380000000000001e+00	-7.112252e-03
-9.369999999999999e+00	-7.102307e-03
-9.359999999999999e+00	-7.092363e-03
-9.350000000000000e+00	-7.082419e-03
-9.340000000000000e+00	-7.072476e-03
-9.330000000000000e+00	-7.062532e-03
-9.320000000000000e+00	-7.052588e-03
-9.310000000000000e+00	-7.042644e-03
-9.300000000000001e+00	-7.032701e-03
-9.289999999999999e+00	-7.022757e-03
-9.279999999999999e+00	-7.012814e-03
-9.270000000000000e+00	-7.002870e-03
-9.260000000000000e+00	-6.992927e-03
-9.250000000000000e+00	-6.982984e-03
-9.240000000000000e+00	-6.973040e-03
-9.230000000000000e+00	-6.963097e-03
-9.220000000000001e+00	-6.953154e-03
-9.210000000000001e+00	-6.943211e-03
-9.199999999999999e+00	-6.933268e-03
-9.190000000000000e+00	-6.923325e-03
-9.180000000000000e+00	-6.913383e-03
-9.170000000000000e+00	-6.903440e-03
-9.160000000000000e+00	-6.893497e-03
-9.150000000000000e+00	-6.883555e-03
-9.140000000000001e+00	-6.873612e-03
-9.130000000000001e+00	-6.863669e-03
-9.119999999999999e+00	-6.853727e-03
-9.109999999999999e+00	-6.843785e-03
-9.100000000000000e+00	-6.833842e-03
-9.090000000000000e+00	-6.823901e-03
-9.080000000000000e+00	-6.813958e-03
-9.070000000000000e+00	-6.804016e-03
-9.060000000000000e+00	-6.794074e-03
-9.050000000000001e+00	-6.784132e-03
-9.039999999999999e+00	-6.774191e-03
-9.029999999999999e+00	-6.764249e-03
-9.020000000000000e+00	-6.754307e-03
-9.010000000000000e+00	-6.744366e-03
-9.000000000000000e+00	-6.734424e-03
-8.990000000000000e+00	-6.724482e-03
-8.980000000000000e+00	-6.714541e-03
-8.970000000000001e+00	-6.704600e-03
-8.960000000000001e+00	-6.694659e-03
-8.949999999999999e+00	-6.684717e-03
-8.940000000000000e+00	-6.674776e-03
-8.930000000000000e+00	-6.664835e-03
-8.920000000000000e+00	-6.654894e-03
-8.910000000000000e+00	-6.644954e-03
-8.900000000000000e+00	-6.635013e-03
-8.890000000000001e+00	-6.625072e-03
-8.879999999999999e+00	-6.615132e-03
-8.869999999999999e+00	-6.605191e-03
-8.859999999999999e+00	-6.595250e-03
-8.850000000000000e+00	-6.585310e-03
-8.840000000000000e+00	-6.575370e-03
-8.830000000000000e+00	-6.565429e-03
-8.820000000000000e+00	-6.555489e-03
-8.810000000000000e+00	-6.545549e-03
-8.800000000000001e+00	-6.535609e-03
-8.789999999999999e+00	-6.525669e-03
-8.779999999999999e+00	-6.515729e-03
-8.770000000000000e+00	-6.505789e-03
-8.760000000000000e+00	-6.495850e-03
-8.750000000000000e+00	-6.485910e-03
-8.740000000000000e+00	-6.475971e-03
-8.730000000000000e+00	-6.466031e-03
-8.720000000000001e+00	-6.456092e-03
-8.710000000000001e+00	-6.446152e-03
-8.699999999999999e+00	-6.436213e-03
-8.690000000000000e+00	-6.426274e-03
-8.680000000000000e+00	-6.416335e-03
-8.670000000000000e+00	-6.406396e-03
-8.660000000000000e+00	-6.396457e-03
-8.650000000000000e+00	-6.386518e-03
-8.640000000000001e+00	-6.376579e-03
-8.629999999999999e+00	-6.366641e-03
-8.619999999999999e+00	-6.356702e-03
-8.609999999999999e+00	-6.346764e-03
-8.600000000000000e+00	-6.336825e-03
-8.590000000000000e+00	-6.326887e-03
-8.580000000000000e+00	-6.316949e-03
-8.570000000000000e+00	-6.307010e-03
-8.560000000000000e+00	-6.297072e-03
-8.550000000000001e+00	-6.287134e-03
-8.539999999999999e+00	-6.277196e-03
-8.529999999999999e+00	-6.267258e-03
-8.520000000000000e+00	-6.257321e-03
-8.510000000000000e+00	-6.247383e-03
-8.500000000000000e+00	-6.237445e-03
-8.490000000000000e+00	-6.227508e-03
-8.480000000000000e+00	-6.217571e-03
-8.470000000000001e+00	-6.207633e-03
-8.460000000000001e+00	-6.197696e-03
-8.449999999999999e+00	-6.187759e-03
-8.440000000000000e+00	-6.177822e-03
-8.430000000000000e+00	-6.167884e-03
-8.420000000000000e+00	-6.157948e-03
-8.410000000000000e+00	-6.148011e-03
-8.400000000000000e+00	-6.138074e-03
-8.390000000000001e+00	-6.128137e-03
-8.379999999999999e+00	-6.118201e-03
-8.369999999999999e+00	-6.108264e-03
-8.359999999999999e+00	-6.098328e-03
-8.350000000000000e+00	-6.088392e-03
-8.340000000000000e+00	-6.078456e-03
-8.330000000000000e+00	-6.068519e-03
-8.320000000000000e+00	-6.058584e-03
-8.310000000000000e+00	-6.048648e-03
-8.300000000000001e+00	-6.038712e-03
-8.289999999999999e+00	-6.028776e-03
-8.279999999999999e+00	-6.018840e-03
-8.270000000000000e+00	-6.008905e-03
-8.260000000000000e+00	-5.998969e-03
-8.250000000000000e+00	-5.989034e-03
-8.240000000000000e+00	-5.979099e-03
-8.230000000000000e+00	-5.969163e-03
-8.220000000000001e+00	-5.959228e-03
-8.210000000000001e+00	-5.949293e-03
-8.199999999999999e+00	-5.939358e-03
-8.190000000000000e+00	-5.929423e-03
-8.180000000000000e+00	-5.919489e-03
-8.170000000000000e+00	-5.909554e-03
-8.160000000000000e+00	-5.899620e-03
-8.150000000000000e+00	-5.889685e-03
-8.140000000000001e+00	-5.879751e-03
-8.129999999999999e+00	-5.869817e-03
-8.119999999999999e+00	-5.859883e-03
-8.109999999999999e+00	-5.849949e-03
-8.100000000000000e+00	-5.840015e-03
-8.090000000000000e+00	-5.830081e-03
-8.080000000000000e+00	-5.820147e-03
-8.070000000000000e+00	-5.810213e-03
-8.060000000000000e+00	-5.800280e-03
-8.050000000000001e+00	-5.790346e-03
-8.039999999999999e+00	-5.780413e-03
-8.029999999999999e+00	-5.770480e-03
-8.020000000000000e+00	-5.760546e-03
-8.010000000000000e+00	-5.750613e-03
-8.000000000000000e+00	-5.740680e-03
-7.990000000000000e+00	-5.730748e-03
-7.980000000000000e+00	-5.720815e-03
-7.970000000000000e+00	-5.710882e-03
-7.960000000000000e+00	-5.700950e-03
-7.950000000000000e+00	-5.691017e-03
-7.940000000000000e+00	-5.681085e-03
-7.930000000000000e+00	-5.671152e-03
-7.920000000000000e+00	-5.661220e-03
-7.910000000000000e+00	-5.651288e-03
-7.900000000000000e+00	-5.641356e-03
-7.890000000000001e+00	-5.631424e-03
-7.880000000000000e+00	-5.621493e-03
-7.870000000000000e+00	-5.611561e-03
-7.859999999999999e+00	-5.601630e-03
-7.850000000000000e+00	-5.591698e-03
-7.840000000000000e+00	-5.581767e-03
-7.830000000000000e+00	-5.571836e-03
-7.820000000000000e+00	-5.561905e-03
-7.810000000000000e+00	-5.551974e-03
-7.800000000000000e+00	-5.542043e-03
-7.790000000000000e+00	-5.532112e-03
-7.779999999999999e+00	-5.522181e-03
-7.770000000000000e+00	-5.512251e-03
-7.760000000000000e+00	-5.502320e-03
-7.750000000000000e+00	-5.492390e-03
-7.740000000000000e+00	-5.482460e-03
-7.730000000000000e+00	-5.472530e-03
-7.720000000000000e+00	-5.462599e-03
-7.710000000000000e+00	-5.452670e-03
-7.699999999999999e+00	-5.442740e-03
-7.690000000000000e+00	-5.432810e-03
-7.680000000000000e+00	-5.422881e-03
-7.670000000000000e+00	-5.412951e-03
-7.660000000000000e+00	-5.403022e-03
-7.650000000000000e+00	-5.393093e-03
-7.640000000000001e+00	-5.383164e-03
-7.630000000000000e+00	-5.373235e-03
-7.620000000000000e+00	-5.363306e-03
-7.609999999999999e+00	-5.353377e-03
-7.600000000000000e+00	-5.343448e-03
-7.590000000000000e+00	-5.333520e-03
-7.580000000000000e+00	-5.323592e-03
-7.570000000000000e+00	-5.313663e-03
-7.560000000000000e+00	-5.303735e-03
-7.550000000000000e+00	-5.293807e-03
-7.540000000000000e+00	-5.283879e-03
-7.529999999999999e+00	-5.273951e-03
-7.520000000000000e+00	-5.264024e-03
-7.510000000000000e+00	-5.254096e-03
-7.500000000000000e+00	-5.244168e-03
-7.490000000000000e+00	-5.234241e-03
-7.480000000000000e+00	-5.224314e-03
-7.470000000000000e+00	-5.214387e-03
-7.460000000000000e+00	-5.204460e-03
-7.449999999999999e+00	-5.194533e-03
-7.440000000000000e+00	-5.184607e-03
-7.430000000000000e+00	-5.174680e-03
-7.420000000000000e+00	-5.164754e-03
-7.410000000000000e+00	-5.154827e-03
-7.400000000000000e+00	-5.144901e-03
-7.390000000000001e+00	-5.134975e-03
-7.380000000000000e+00	-5.125049e-03
-7.370000000000000e+00	-5.115123e-03
-7.359999999999999e+00	-5.105197e-03
-7.350000000000000e+00	-5.095272e-03
-7.340000000000000e+00	-5.085346e-03
-7.330000000000000e+00	-5.075421e-03
-7.320000000000000e+00	-5.065496e-03
-7.310000000000000e+00	-5.055571e-03
-7.300000000000000e+00	-5.045646e-03
-7.290000000000000e+00	-5.035721e-03
-7.279999999999999e+00	-5.025797e-03
-7.270000000000000e+00	-5.015872e-03
-7.260000000000000e+00	-5.005947e-03
-7.250000000000000e+00	-4.996023e-03
-7.240000000000000e+00	-4.986099e-03
-7.230000000000000e+00	-4.976175e-03
-7.220000000000000e+00	-4.966251e-03
-7.210000000000000e+00	-4.956327e-03
-7.199999999999999e+00	-4.946404e-03
-7.190000000000000e+00	-4.936480e-03
-7.180000000000000e+00	-4.926557e-03
-7.170000000000000e+00	-4.916634e-03
-7.160000000000000e+00	-4.906711e-03
-7.150000000000000e+00	-4.896788e-03
-7.140000000000001e+00	-4.886865e-03
-7.130000000000000e+00	-4.876943e-03
-7.120000000000000e+00	-4.867020e-03
-7.109999999999999e+00	-4.857098e-03
-7.100000000000000e+00	-4.847175e-03
-7.090000000000000e+00	-4.837254e-03
-7.080000000000000e+00	-4.827332e-03
-7.070000000000000e+00	-4.817410e-03
-7.060000000000000e+00	-4.807489e-03
-7.050000000000000e+00	-4.797567e-03
-7.040000000000000e+00	-4.787645e-03
-7.029999999999999e+00	-4.777724e-03
-7.020000000000000e+00	-4.767803e-03
-7.010000000000000e+00	-4.757883e-03
-7.000000000000000e+00	-4.747962e-03
-6.990000000000000e+00	-4.738041e-03
-6.980000000000000e+00	-4.728121e-03
-6.970000000000000e+00	-4.718200e-03
-6.960000000000000e+00	-4.708280e-03
-6.949999999999999e+00	-4.698360e-03
-6.940000000000000e+00	-4.688440e-03
-6.930000000000000e+00	-4.678521e-03
-6.920000000000000e+00	-4.668601e-03
-6.910000000000000e+00	-4.658682e-03
-6.900000000000000e+00	-4.648762e-03
-6.890000000000001e+00	-4.638843e-03
-6.880000000000000e+00	-4.628925e-03
-6.870000000000000e+00	-4.619006e-03
-6.859999999999999e+00	-4.609087e-03
-6.850000000000000e+00	-4.599169e-03
-6.840000000000000e+00	-4.589250e-03
-6.830000000000000e+00	-4.579332e-03
-6.820000000000000e+00	-4.569415e-03
-6.810000000000000e+00	-4.559496e-03
-6.800000000000000e+00	-4.549579e-03
-6.790000000000000e+00	-4.539662e-03
-6.779999999999999e+00	-4.529744e-03
-6.770000000000000e+00	-4.519827e-03
-6.760000000000000e+00	-4.509910e-03
-6.750000000000000e+00	-4.499993e-03
-6.740000000000000e+00	-4.490077e-03
-6.730000000000000e+00	-4.480160e-03
-6.720000000000000e+00	-4.470244e-03
-6.710000000000000e+00	-4.460327e-03
-6.699999999999999e+00	-4.450412e-03
-6.690000000000000e+00	-4.440496e-03
-6.680000000000000e+00	-4.430580e-03
-6.670000000000000e+00	-4.420665e-03
-6.660000000000000e+00	-4.410749e-03
-6.650000000000000e+00	-4.400834e-03
-6.640000000000001e+00	-4.390919e-03
-6.630000000000000e+00	-4.381004e-03
-6.620000000000000e+00	-4.371090e-03
-6.609999999999999e+00	-4.361175e-03
-6.600000000000000e+00	-4.351261e-03
-6.590000000000000e+00	-4.341347e-03
-6.580000000000000e+00	-4.331433e-03
-6.570000000000000e+00	-4.321519e-03
-6.560000000000000e+00	-4.311606e-03
-6.550000000000000e+00	-4.301692e-03
-6.540000000000000e+00	-4.291779e-03
-6.529999999999999e+00	-4.281866e-03
-6.520000000000000e+00	-4.271953e-03
-6.510000000000000e+00	-4.262041e-03
-6.500000000000000e+00	-4.252128e-03
-6.490000000000000e+00	-4.242216e-03
-6.480000000000000e+00	-4.232304e-03
-6.470000000000000e+00	-4.222392e-03
-6.460000000000000e+00	-4.212481e-03
-6.449999999999999e+00	-4.202569e-03
-6.440000000000000e+00	-4.192658e-03
-6.430000000000000e+00	-4.182747e-03
-6.420000000000000e+00	-4.172835e-03
-6.410000000000000e+00	-4.162925e-03
-6.400000000000000e+00	-4.153014e-03
-6.390000000000001e+00	-4.143104e-03
-6.380000000000000e+00	-4.133194e-03
-6.370000000000000e+00	-4.123284e-03
-6.359999999999999e+00	-4.113374e-03
-6.350000000000000e+00	-4.103465e-03
-6.340000000000000e+00	-4.093555e-03
-6.330000000000000e+00	-4.083646e-03
-6.320000000000000e+00	-4.073737e-03
-6.310000000000000e+00	-4.063828e-03
-6.300000000000000e+00	-4.053920e-03
-6.290000000000000e+00	-4.044012e-03
-6.279999999999999e+00	-4.034103e-03
-6.270000000000000e+00	-4.024195e-03
-6.260000000000000e+00	-4.014288e-03
-6.250000000000000e+00	-4.004380e-03
-6.240000000000000e+00	-3.994473e-03
-6.230000000000000e+00	-3.984566e-03
-6.220000000000000e+00	-3.974659e-03
-6.210000000000000e+00	-3.964752e-03
-6.199999999999999e+00	-3.954846e-03
-6.190000000000000e+00	-3.944940e-03
-6.180000000000000e+00	-3.935034e-03
-6.170000000000000e+00	-3.925128e-03
-6.160000000000000e+00	-3.915222e-03
-6.150000000000000e+00	-3.905317e-03
-6.140000000000001e+00	-3.895412e-03
-6.130000000000000e+00	-3.885507e-03
-6.120000000000000e+00	-3.875602e-03
-6.109999999999999e+00	-3.865698e-03
-6.100000000000000e+00	-3.855794e-03
-6.090000000000000e+00	-3.845890e-03
-6.080000000000000e+00	-3.835986e-03
-6.070000000000000e+00	-3.826082e-03
-6.060000000000000e+00	-3.816179e-03
-6.050000000000000e+00	-3.806276e-03
-6.040000000000000e+00	-3.796373e-03
-6.029999999999999e+00	-3.786471e-03
-6.020000000000000e+00	-3.776568e-03
-6.010000000000000e+00	-3.766666e-03
-6.000000000000000e+00	-3.756764e-03
-5.990000000000000e+00	-3.746863e-03
-5.980000000000000e+00	-3.736961e-03
-5.970000000000000e+00	-3.727060e-03
-5.960000000000000e+00	-3.717159e-03
-5.950000000000000e+00	-3.707258e-03
-5.940000000000000e+00	-3.697358e-03
-5.930000000000000e+00	-3.687458e-03
-5.920000000000000e+00	-3.677558e-03
-5.910000000000000e+00	-3.667658e-03
-5.900000000000000e+00	-3.657759e-03
-5.890000000000000e+00	-3.647859e-03
-5.880000000000000e+00	-3.637961e-03
-5.870000000000000e+00	-3.628062e-03
-5.860000000000000e+00	-3.618164e-03
-5.850000000000000e+00	-3.608265e-03
-5.840000000000000e+00	-3.598368e-03
-5.830000000000000e+00	-3.588470e-03
-5.820000000000000e+00	-3.578573e-03
-5.810000000000000e+00	-3.568675e-03
-5.800000000000000e+00	-3.558779e-03
-5.790000000000000e+00	-3.548882e-03
-5.780000000000000e+00	-3.538986e-03
-5.770000000000000e+00	-3.529090e-03
-5.760000000000000e+00	-3.519194e-03
-5.750000000000000e+00	-3.509299e-03
-5.740000000000000e+00	-3.499403e-03
-5.730000000000000e+00	-3.489509e-03
-5.720000000000000e+00	-3.479614e-03
-5.710000000000000e+00	-3.469720e-03
-5.700000000000000e+00	-3.459825e-03
-5.690000000000000e+00	-3.449932e-03
-5.680000000000000e+00	-3.440038e-03
-5.670000000000000e+00	-3.430145e-03
-5.660000000000000e+00	-3.420252e-03
-5.649999999999999e+00	-3.410359e-03
-5.640000000000000e+00	-3.400467e-03
-5.630000000000000e+00	-3.390575e-03
-5.620000000000000e+00	-3.380683e-03
-5.610000000000000e+00	-3.370792e-03
-5.600000000000000e+00	-3.360901e-03
-5.590000000000000e+00	-3.351010e-03
-5.580000000000000e+00	-3.341119e-03
-5.570000000000000e+00	-3.331229e-03
-5.560000000000000e+00	-3.321339e-03
-5.550000000000000e+00	-3.311449e-03
-5.540000000000000e+00	-3.301560e-03
-5.530000000000000e+00	-3.291671e-03
-5.520000000000000e+00	-3.281783e-03
-5.510000000000000e+00	-3.271894e-03
-5.500000000000000e+00	-3.262006e-03
-5.490000000000000e+00	-3.252118e-03
-5.480000000000000e+00	-3.242231e-03
-5.470000000000000e+00	-3.232344e-03
-5.460000000000000e+00	-3.222457e-03
-5.450000000000000e+00	-3.212571e-03
-5.440000000000000e+00	-3.202685e-03
-5.430000000000000e+00	-3.192799e-03
-5.420000000000000e+00	-3.182914e-03
-5.410000000000000e+00	-3.173029e-03
-5.399999999999999e+00	-3.163144e-03
-5.390000000000000e+00	-3.153259e-03
-5.380000000000000e+00	-3.143375e-03
-5.370000000000000e+00	-3.133492e-03
-5.360000000000000e+00	-3.123608e-03
-5.350000000000000e+00	-3.113725e-03
-5.340000000000000e+00	-3.103843e-03
-5.330000000000000e+00	-3.093960e-03
-5.320000000000000e+00	-3.084078e-03
-5.310000000000000e+00	-3.074197e-03
-5.300000000000000e+00	-3.064316e-03
-5.290000000000000e+00	-3.054435e-03
-5.280000000000000e+00	-3.044554e-03
-5.270000000000000e+00	-3.034674e-03
-5.260000000000000e+00	-3.024795e-03
-5.250000000000000e+00	-3.014915e-03
-5.240000000000000e+00	-3.005036e-03
-5.230000000000000e+00	-2.995158e-03
-5.220000000000000e+00	-2.985280e-03
-5.210000000000000e+00	-2.975402e-03
-5.200000000000000e+00	-2.965524e-03
-5.190000000000000e+00	-2.955647e-03
-5.180000000000000e+00	-2.945771e-03
-5.170000000000000e+00	-2.935894e-03
-5.160000000000000e+00	-2.926019e-03
-5.149999999999999e+00	-2.916143e-03
-5.140000000000000e+00	-2.906268e-03
-5.130000000000000e+00	-2.896393e-03
-5.120000000000000e+00	-2.886519e-03
-5.110000000000000e+00	-2.876645e-03
-5.100000000000000e+00	-2.866772e-03
-5.090000000000000e+00	-2.856899e-03
-5.080000000000000e+00	-2.847026e-03
-5.070000000000000e+00	-2.837154e-03
-5.060000000000000e+00	-2.827283e-03
-5.050000000000000e+00	-2.817411e-03
-5.040000000000000e+00	-2.807541e-03
-5.030000000000000e+00	-2.797670e-03
-5.020000000000000e+00	-2.787800e-03
-5.010000000000000e+00	-2.777931e-03
-5.000000000000000e+00	-2.768062e-03
-4.990000000000000e+00	-2.758193e-03
-4.980000000000000e+00	-2.748325e-03
-4.970000000000000e+00	-2.738457e-03
-4.960000000000000e+00	-2.728590e-03
-4.950000000000000e+00	-2.718723e-03
-4.940000000000000e+00	-2.708857e-03
-4.930000000000000e+00	-2.698991e-03
-4.920000000000000e+00	-2.689126e-03
-4.910000000000000e+00	-2.679261e-03
-4.899999999999999e+00	-2.669397e-03
-4.890000000000000e+00	-2.659533e-03
-4.880000000000000e+00	-2.649669e-03
-4.870000000000000e+00	-2.639806e-03
-4.860000000000000e+00	-2.629944e-03
-4.850000000000000e+00	-2.620082e-03
-4.840000000000000e+00	-2.610221e-03
-4.830000000000000e+00	-2.600360e-03
-4.820000000000000e+00	-2.590499e-03
-4.810000000000000e+00	-2.580639e-03
-4.800000000000000e+00	-2.570780e-03
-4.790000000000000e+00	-2.560921e-03
-4.780000000000000e+00	-2.551063e-03
-4.770000000000000e+00	-2.541205e-03
-4.760000000000000e+00	-2.531348e-03
-4.750000000000000e+00	-2.521491e-03
-4.740000000000000e+00	-2.511635e-03
-4.730000000000000e+00	-2.501780e-03
-4.720000000000000e+00	-2.491925e-03
-4.710000000000000e+00	-2.482070e-03
-4.700000000000000e+00	-2.472216e-03
-4.690000000000000e+00	-2.462363e-03
-4.680000000000000e+00	-2.452510e-03
-4.670000000000000e+00	-2.442658e-03
-4.660000000000000e+00	-2.432807e-03
-4.649999999999999e+00	-2.422956e-03
-4.640000000000000e+00	-2.413105e-03
-4.630000000000000e+00	-2.403256e-03
-4.620000000000000e+00	-2.393407e-03
-4.610000000000000e+00	-2.383558e-03
-4.600000000000000e+00	-2.373710e-03
-4.590000000000000e+00	-2.363863e-03
-4.580000000000000e+00	-2.354016e-03
-4.570000000000000e+00	-2.344170e-03
-4.560000000000000e+00	-2.334325e-03
-4.550000000000000e+00	-2.324480e-03
-4.540000000000000e+00	-2.314636e-03
-4.530000000000000e+00	-2.304792e-03
-4.520000000000000e+00	-2.294949e-03
-4.510000000000000e+00	-2.285107e-03
-4.500000000000000e+00	-2.275266e-03
-4.490000000000000e+00	-2.265425e-03
-4.480000000000000e+00	-2.255585e-03
-4.470000000000000e+00	-2.245746e-03
-4.460000000000000e+00	-2.235907e-03
-4.450000000000000e+00	-2.226069e-03
-4.440000000000000e+00	-2.216232e-03
-4.430000000000000e+00	-2.206395e-03
-4.420000000000000e+00	-2.196559e-03
-4.410000000000000e+00	-2.186724e-03
-4.399999999999999e+00	-2.176890e-03
-4.390000000000000e+00	-2.167056e-03
-4.380000000000000e+00	-2.157223e-03
-4.370000000000000e+00	-2.147391e-03
-4.360000000000000e+00	-2.137560e-03
-4.350000000000000e+00	-2.127729e-03
-4.340000000000000e+00	-2.117899e-03
-4.330000000000000e+00	-2.108070e-03
-4.320000000000000e+00	-2.098242e-03
-4.310000000000000e+00	-2.088415e-03
-4.300000000000000e+00	-2.078588e-03
-4.290000000000000e+00	-2.068762e-03
-4.280000000000000e+00	-2.058937e-03
-4.270000000000000e+00	-2.049113e-03
-4.260000000000000e+00	-2.039290e-03
-4.250000000000000e+00	-2.029468e-03
-4.240000000000000e+00	-2.019646e-03
-4.230000000000000e+00	-2.009826e-03
-4.220000000000000e+00	-2.000006e-03
-4.210000000000000e+00	-1.990187e-03
-4.200000000000000e+00	-1.980369e-03
-4.190000000000000e+00	-1.970552e-03
-4.180000000000000e+00	-1.960736e-03
-4.170000000000000e+00	-1.950921e-03
-4.160000000000000e+00	-1.941106e-03
-4.149999999999999e+00	-1.931293e-03
-4.140000000000000e+00	-1.921481e-03
-4.130000000000000e+00	-1.911669e-03
-4.120000000000000e+00	-1.901859e-03
-4.110000000000000e+00	-1.892049e-03
-4.100000000000000e+00	-1.882241e-03
-4.090000000000000e+00	-1.872434e-03
-4.080000000000000e+00	-1.862627e-03
-4.070000000000000e+00	-1.852822e-03
-4.060000000000000e+00	-1.843018e-03
-4.050000000000000e+00	-1.833214e-03
-4.040000000000000e+00	-1.823412e-03
-4.030000000000000e+00	-1.813611e-03
-4.020000000000000e+00	-1.803811e-03
-4.010000000000000e+00	-1.794012e-03
-4.000000000000000e+00	-1.784215e-03
-3.990000000000000e+00	-1.774418e-03
-3.980000000000000e+00	-1.764622e-03
-3.970000000000000e+00	-1.754828e-03
-3.960000000000000e+00	-1.745035e-03
-3.950000000000000e+00	-1.735243e-03
-3.940000000000000e+00	-1.725452e-03
-3.930000000000000e+00	-1.715663e-03
-3.920000000000000e+00	-1.705874e-03
-3.910000000000000e+00	-1.696087e-03
-3.899999999999999e+00	-1.686302e-03
-3.890000000000000e+00	-1.676517e-03
-3.880000000000000e+00	-1.666734e-03
-3.870000000000000e+00	-1.656952e-03
-3.859999999999999e+00	-1.647172e-03
-3.850000000000000e+00	-1.637392e-03
-3.840000000000000e+00	-1.627614e-03
-3.830000000000000e+00	-1.617838e-03
-3.820000000000000e+00	-1.608063e-03
-3.810000000000000e+00	-1.598289e-03
-3.800000000000000e+00	-1.588517e-03
-3.790000000000000e+00	-1.578746e-03
-3.780000000000000e+00	-1.568977e-03
-3.770000000000000e+00	-1.559209e-03
-3.760000000000000e+00	-1.549443e-03
-3.750000000000000e+00	-1.539678e-03
-3.740000000000000e+00	-1.529915e-03
-3.730000000000000e+00	-1.520153e-03
-3.720000000000000e+00	-1.510393e-03
-3.710000000000000e+00	-1.500635e-03
-3.700000000000000e+00	-1.490878e-03
-3.690000000000000e+00	-1.481123e-03
-3.680000000000000e+00	-1.471370e-03
-3.670000000000000e+00	-1.461618e-03
-3.660000000000000e+00	-1.451868e-03
-3.649999999999999e+00	-1.442120e-03
-3.640000000000000e+00	-1.432373e-03
-3.630000000000000e+00	-1.422629e-03
-3.620000000000000e+00	-1.412886e-03
-3.609999999999999e+00	-1.403145e-03
-3.600000000000000e+00	-1.393406e-03
-3.590000000000000e+00	-1.383669e-03
-3.580000000000000e+00	-1.373934e-03
-3.570000000000000e+00	-1.364201e-03
-3.560000000000000e+00	-1.354470e-03
-3.550000000000000e+00	-1.344741e-03
-3.540000000000000e+00	-1.335014e-03
-3.530000000000000e+00	-1.325289e-03
-3.520000000000000e+00	-1.315566e-03
-3.510000000000000e+00	-1.305846e-03
-3.500000000000000e+00	-1.296128e-03
-3.490000000000000e+00	-1.286412e-03
-3.480000000000000e+00	-1.276698e-03
-3.470000000000000e+00	-1.266986e-03
-3.460000000000000e+00	-1.257277e-03
-3.450000000000000e+00	-1.247571e-03
-3.440000000000000e+00	-1.237866e-03
-3.430000000000000e+00	-1.228165e-03
-3.420000000000000e+00	-1.218466e-03
-3.410000000000000e+00	-1.208769e-03
-3.399999999999999e+00	-1.199075e-03
-3.390000000000000e+00	-1.189384e-03
-3.380000000000000e+00	-1.179695e-03
-3.370000000000000e+00	-1.170009e-03
-3.359999999999999e+00	-1.160326e-03
-3.350000000000000e+00	-1.150646e-03
-3.340000000000000e+00	-1.140969e-03
-3.330000000000000e+00	-1.131295e-03
-3.320000000000000e+00	-1.121624e-03
-3.310000000000000e+00	-1.111955e-03
-3.300000000000000e+00	-1.102291e-03
-3.290000000000000e+00	-1.092629e-03
-3.280000000000000e+00	-1.082970e-03
-3.270000000000000e+00	-1.073315e-03
-3.260000000000000e+00	-1.063664e-03
-3.250000000000000e+00	-1.054015e-03
-3.240000000000000e+00	-1.044371e-03
-3.230000000000000e+00	-1.034730e-03
-3.220000000000000e+00	-1.025092e-03
-3.210000000000000e+00	-1.015459e-03
-3.200000000000000e+00	-1.005829e-03
-3.190000000000000e+00	-9.962032e-04
-3.180000000000000e+00	-9.865814e-04
-3.170000000000000e+00	-9.769638e-04
-3.160000000000000e+00	-9.673503e-04
-3.149999999999999e+00	-9.577411e-04
-3.140000000000000e+00	-9.481363e-04
-3.130000000000000e+00	-9.385361e-04
-3.120000000000000e+00	-9.289404e-04
-3.109999999999999e+00	-9.193494e-04
-3.100000000000000e+00	-9.097633e-04
-3.090000000000000e+00	-9.001820e-04
-3.080000000000000e+00	-8.906059e-04
-3.070000000000000e+00	-8.810348e-04
-3.060000000000000e+00	-8.714691e-04
-3.050000000000000e+00	-8.619088e-04
-3.040000000000000e+00	-8.523541e-04
-3.030000000000000e+00	-8.428051e-04
-3.020000000000000e+00	-8.332620e-04
-3.010000000000000e+00	-8.237249e-04
-3.000000000000000e+00	-8.141940e-04
-2.990000000000000e+00	-8.046693e-04
-2.980000000000000e+00	-7.951513e-04
-2.970000000000000e+00	-7.856399e-04
-2.960000000000000e+00	-7.761354e-04
-2.950000000000000e+00	-7.666380e-04
-2.940000000000000e+00	-7.571478e-04
-2.930000000000000e+00	-7.476652e-04
-2.920000000000000e+00	-7.381903e-04
-2.910000000000000e+00	-7.287234e-04
-2.899999999999999e+00	-7.192646e-04
-2.890000000000000e+00	-7.098143e-04
-2.880000000000000e+00	-7.003727e-04
-2.870000000000000e+00	-6.909401e-04
-2.859999999999999e+00	-6.815167e-04
-2.850000000000000e+00	-6.721030e-04
-2.840000000000000e+00	-6.626991e-04
-2.830000000000000e+00	-6.533055e-04
-2.820000000000000e+00	-6.439225e-04
-2.810000000000000e+00	-6.345504e-04
-2.800000000000000e+00	-6.251897e-04
-2.790000000000000e+00	-6.158408e-04
-2.780000000000000e+00	-6.065040e-04
-2.770000000000000e+00	-5.971799e-04
-2.760000000000000e+00	-5.878689e-04
-2.750000000000000e+00	-5.785716e-04
-2.740000000000000e+00	-5.692884e-04
-2.730000000000000e+00	-5.600200e-04
-2.720000000000000e+00	-5.507669e-04
-2.710000000000000e+00	-5.415299e-04
-2.700000000000000e+00	-5.323094e-04
-2.690000000000000e+00	-5.231064e-04
-2.680000000000000e+00	-5.139214e-04
-2.670000000000000e+00	-5.047555e-04
-2.660000000000000e+00	-4.956095e-04
-2.649999999999999e+00	-4.864841e-04
-2.640000000000000e+00	-4.773806e-04
-2.630000000000000e+00	-4.682999e-04
-2.620000000000000e+00	-4.592432e-04
-2.609999999999999e+00	-4.502117e-04
-2.600000000000000e+00	-4.412068e-04
-2.590000000000000e+00	-4.322298e-04
-2.580000000000000e+00	-4.232823e-04
-2.570000000000000e+00	-4.143659e-04
-2.560000000000000e+00	-4.054825e-04
-2.550000000000000e+00	-3.966340e-04
-2.540000000000000e+00	-3.878225e-04
-2.530000000000000e+00	-3.790504e-04
-2.520000000000000e+00	-3.703201e-04
-2.510000000000000e+00	-3.616343e-04
-2.500000000000000e+00	-3.529962e-04
-2.490000000000000e+00	-3.444090e-04
-2.480000000000000e+00	-3.358763e-04
-2.470000000000000e+00	-3.274021e-04
-2.460000000000000e+00	-3.189909e-04
-2.450000000000000e+00	-3.106477e-04
-2.440000000000000e+00	-3.023777e-04
-2.430000000000000e+00	-2.941871e-04
-2.420000000000000e+00	-2.860826e-04
-2.410000000000000e+00	-2.780719e-04
-2.399999999999999e+00	-2.701634e-04
-2.390000000000000e+00	-2.623666e-04
-2.380000000000000e+00	-2.546923e-04
-2.370000000000000e+00	-2.471525e-04
-2.359999999999999e+00	-2.397608e-04
-2.350000000000000e+00	-2.325327e-04
-2.340000000000000e+00	-2.254853e-04
-2.330000000000000e+00	-2.186382e-04
-2.320000000000000e+00	-2.120132e-04
-2.310000000000000e+00	-2.056345e-04
-2.300000000000000e+00	-1.995286e-04
-2.290000000000000e+00	-1.937246e-04
-2.280000000000000e+00	-1.882529e-04
-2.270000000000000e+00	-1.831448e-04
-2.260000000000000e+00	-1.784310e-04
-2.250000000000000e+00	-1.741389e-04
-2.240000000000000e+00	-1.702905e-04
-2.230000000000000e+00	-1.668989e-04
-2.220000000000000e+00	-1.639656e-04
-2.210000000000000e+00	-1.614786e-04
-2.200000000000000e+00	-1.594123e-04
-2.190000000000000e+00	-1.577292e-04
-2.180000000000000e+00	-1.563836e-04
-2.170000000000000e+00	-1.553257e-04
-2.160000000000000e+00	-1.545062e-04
-2.149999999999999e+00	-1.538790e-04
-2.140000000000000e+00	-1.534039e-04
-2.130000000000000e+00	-1.530468e-04
-2.120000000000000e+00	-1.527800e-04
-2.109999999999999e+00	-1.525818e-04
-2.100000000000000e+00	-1.524350e-04
-2.090000000000000e+00	-1.523266e-04
-2.080000000000000e+00	-1.522467e-04
-2.069999999999999e+00	-1.521879e-04
-2.060000000000000e+00	-1.521446e-04
-2.050000000000000e+00	-1.521129e-04
-2.040000000000000e+00	-1.520896e-04
-2.030000000000000e+00	-1.520725e-04
-2.020000000000000e+00	-1.520599e-04
-2.010000000000000e+00	-1.520508e-04
-2.000000000000000e+00	-1.520440e-04
-1.990000000000000e+00	-1.520391e-04
-1.980000000000000e+00	-1.520355e-04
-1.970000000000001e+00	-1.520328e-04
-1.959999999999999e+00	-1.520309e-04
-1.949999999999999e+00	-1.520294e-04
-1.940000000000000e+00	-1.520284e-04
-1.930000000000000e+00	-1.520276e-04
-1.920000000000000e+00	-1.520271e-04
-1.910000000000000e+00	-1.520267e-04
-1.900000000000000e+00	-1.520264e-04
-1.890000000000001e+00	-1.520261e-04
-1.879999999999999e+00	-1.520260e-04
-1.869999999999999e+00	-1.520259e-04
-1.859999999999999e+00	-1.520258e-04
-1.850000000000000e+00	-1.520257e-04
-1.840000000000000e+00	-1.520257e-04
-1.830000000000000e+00	-1.520256e-04
-1.820000000000000e+00	-1.520256e-04
-1.810000000000000e+00	-1.520256e-04
-1.800000000000001e+00	-1.520256e-04
-1.789999999999999e+00	-1.520256e-04
-1.779999999999999e+00	-1.520255e-04
-1.770000000000000e+00	-1.520255e-04
-1.760000000000000e+00	-1.520255e-04
-1.750000000000000e+00	-1.520255e-04
-1.740000000000000e+00	-1.520255e-04
-1.730000000000000e+00	-1.520255e-04
-1.720000000000001e+00	-1.520255e-04
-1.709999999999999e+00	-1.520255e-04
-1.699999999999999e+00	-1.520255e-04
-1.690000000000000e+00	-1.520255e-04
-1.680000000000000e+00	-1.520255e-04
-1.670000000000000e+00	-1.520255e-04
-1.660000000000000e+00	-1.520255e-04
-1.650000000000000e+00	-1.520255e-04
-1.640000000000001e+00	-1.520255e-04
-1.629999999999999e+00	-1.520255e-04
-1.619999999999999e+00	-1.520255e-04
-1.609999999999999e+00	-1.520255e-04
-1.600000000000000e+00	-1.520255e-04
-1.590000000000000e+00	-1.520255e-04
-1.580000000000000e+00	-1.520255e-04
-1.570000000000000e+00	-1.520255e-04
-1.560000000000000e+00	-1.520255e-04
-1.550000000000001e+00	-1.520255e-04
-1.539999999999999e+00	-1.520255e-04
-1.529999999999999e+00	-1.520255e-04
-1.520000000000000e+00	-1.520255e-04
-1.510000000000000e+00	-1.520255e-04
-1.500000000000000e+00	-1.520255e-04
-1.490000000000000e+00	-1.520255e-04
-1.480000000000000e+00	-1.520255e-04
-1.470000000000001e+00	-1.520255e-04
-1.459999999999999e+00	-1.520255e-04
-1.449999999999999e+00	-1.520255e-04
-1.440000000000000e+00	-1.520255e-04
-1.430000000000000e+00	-1.520255e-04
-1.420000000000000e+00	-1.520255e-04
-1.410000000000000e+00	-1.520255e-04
-1.400000000000000e+00	-1.520255e-04
-1.390000000000001e+00	-1.520255e-04
-1.379999999999999e+00	-1.520255e-04
-1.369999999999999e+00	-1.520255e-04
-1.359999999999999e+00	-1.520255e-04
-1.350000000000000e+00	-1.520255e-04
-1.340000000000000e+00	-1.520255e-04
-1.330000000000000e+00	-1.520255e-04
-1.320000000000000e+00	-1.520255e-04
-1.310000000000000e+00	-1.520255e-04
-1.299999999999999e+00	-1.520255e-04
-1.289999999999999e+00	-1.520255e-04
-1.279999999999999e+00	-1.520255e-04
-1.270000000000000e+00	-1.520255e-04
-1.260000000000000e+00	-1.520255e-04
-1.250000000000000e+00	-1.520255e-04
-1.240000000000000e+00	-1.520255e-04
-1.230000000000000e+00	-1.520255e-04
-1.220000000000001e+00	-1.520255e-04
-1.209999999999999e+00	-1.520255e-04
-1.199999999999999e+00	-1.520255e-04
-1.190000000000000e+00	-1.520255e-04
-1.180000000000000e+00	-1.520255e-04
-1.170000000000000e+00	-1.520255e-04
-1.160000000000000e+00	-1.520255e-04
-1.150000000000000e+00	-1.520255e-04
-1.140000000000001e+00	-1.520255e-04
-1.129999999999999e+00	-1.520255e-04
-1.119999999999999e+00	-1.520255e-04
-1.109999999999999e+00	-1.520255e-04
-1.100000000000000e+00	-1.520255e-04
-1.090000000000000e+00	-1.520255e-04
-1.080000000000000e+00	-1.520255e-04
-1.070000000000000e+00	-1.520255e-04
-1.060000000000000e+00	-1.520255e-04
-1.049999999999999e+00	-1.520255e-04
-1.039999999999999e+00	-1.520255e-04
-1.029999999999999e+00	-1.520255e-04
-1.020000000000000e+00	-1.520255e-04
-1.010000000000000e+00	-1.520255e-04
-1.000000000000000e+00	-1.520255e-04
-9.900000000000002e-01	-1.520255e-04
-9.800000000000004e-01	-1.520255e-04
-9.700000000000006e-01	-1.520255e-04
-9.599999999999991e-01	-1.520255e-04
-9.499999999999993e-01	-1.520255e-04
-9.399999999999995e-01	-1.520255e-04
-9.299999999999997e-01	-1.520255e-04
-9.199999999999999e-01	-1.520255e-04
-9.100000000000001e-01	-1.520255e-04
-9.000000000000004e-01	-1.520255e-04
-8.900000000000006e-01	-1.520255e-04
-8.799999999999990e-01	-1.520255e-04
-8.699999999999992e-01	-1.520255e-04
-8.599999999999994e-01	-1.520255e-04
-8.499999999999996e-01	-1.520255e-04
-8.399999999999999e-01	-1.520255e-04
-8.300000000000001e-01	-1.520255e-04
-8.200000000000003e-01	-1.520255e-04
-8.100000000000005e-01	-1.520255e-04
-7.999999999999989e-01	-1.520255e-04
-7.899999999999991e-01	-1.520255e-04
-7.799999999999994e-01	-1.520255e-04
-7.699999999999996e-01	-1.520255e-04
-7.599999999999998e-01	-1.520255e-04
-7.500000000000000e-01	-1.520255e-04
-7.400000000000002e-01	-1.520255e-04
-7.300000000000004e-01	-1.520255e-04
-7.200000000000006e-01	-1.520255e-04
-7.099999999999991e-01	-1.520254e-04
-6.999999999999993e-01	-1.520254e-04
-6.899999999999995e-01	-1.520254e-04
-6.799999999999997e-01	-1.520254e-04
-6.699999999999999e-01	-1.520253e-04
-6.600000000000001e-01	-1.520252e-04
-6.500000000000004e-01	-1.520252e-04
-6.400000000000006e-01	-1.520250e-04
-6.299999999999990e-01	-1.520249e-04
-6.199999999999992e-01	-1.520247e-04
-6.099999999999994e-01	-1.520245e-04
-5.999999999999996e-01	-1.520241e-04
-5.899999999999999e-01	-1.520237e-04
-5.800000000000001e-01	-1.520232e-04
-5.700000000000003e-01	-1.520225e-04
-5.600000000000005e-01	-1.520216e-04
-5.499999999999989e-01	-1.520205e-04
-5.399999999999991e-01	-1.520190e-04
-5.299999999999994e-01	-1.520170e-04
-5.199999999999996e-01	-1.520145e-04
-5.099999999999998e-01	-1.520113e-04
-5.000000000000000e-01	-1.520070e-04
-4.900000000000002e-01	-1.520016e-04
-4.800000000000004e-01	-1.519945e-04
-4.700000000000006e-01	-1.519853e-04
-4.599999999999991e-01	-1.519734e-04
-4.499999999999993e-01	-1.519581e-04
-4.399999999999995e-01	-1.519381e-04
-4.299999999999997e-01	-1.519124e-04
-4.199999999999999e-01	-1.518790e-04
-4.100000000000001e-01	-1.518359e-04
-4.000000000000004e-01	-1.517801e-04
-3.900000000000006e-01	-1.517081e-04
-3.799999999999990e-01	-1.516152e-04
-3.699999999999992e-01	-1.514954e-04
-3.599999999999994e-01	-1.513414e-04
-3.499999999999996e-01	-1.511435e-04
-3.399999999999999e-01	-1.508901e-04
-3.300000000000001e-01	-1.505664e-04
-3.200000000000003e-01	-1.501549e-04
-3.100000000000005e-01	-1.496340e-04
-2.999999999999989e-01	-1.489787e-04
-2.899999999999991e-01	-1.481603e-04
-2.799999999999994e-01	-1.471469e-04
-2.699999999999996e-01	-1.459042e-04
-2.599999999999998e-01	-1.443973e-04
-2.500000000000000e-01	-1.425928e-04
-2.400000000000002e-01	-1.404602e-04
-2.300000000000004e-01	-1.379746e-04
-2.200000000000006e-01	-1.351183e-04
-2.099999999999991e-01	-1.318813e-04
-1.999999999999993e-01	-1.282615e-04
-1.899999999999995e-01	-1.242643e-04
-1.799999999999997e-01	-1.199012e-04
-1.699999999999999e-01	-1.151882e-04
-1.600000000000001e-01	-1.101446e-04
-1.500000000000004e-01	-1.047913e-04
-1.400000000000006e-01	-9.915010e-05
-1.299999999999990e-01	-9.324265e-05
-1.199999999999992e-01	-8.708984e-05
-1.099999999999994e-01	-8.071151e-05
-9.999999999999964e-02	-7.412616e-05
-8.999999999999986e-02	-6.735091e-05
-8.000000000000007e-02	-6.040144e-05
-7.000000000000028e-02	-5.329206e-05
-6.000000000000050e-02	-4.603578e-05
-4.999999999999893e-02	-3.864437e-05
-3.999999999999915e-02	-3.112850e-05
-2.999999999999936e-02	-2.349781e-05
-1.999999999999957e-02	-1.576104e-05
-9.999999999999787e-03	-7.926081e-06
0.000000000000000e+00	0.000000e+00
9.999999999999787e-03	8.010458e-06
1.999999999999957e-02	1.609966e-05
2.999999999999936e-02	2.426217e-05
4.000000000000092e-02	3.249312e-05
5.000000000000071e-02	4.078804e-05
6.000000000000050e-02	4.914289e-05
7.000000000000028e-02	5.755396e-05
8.000000000000007e-02	6.601782e-05
8.999999999999986e-02	7.453135e-05
9.999999999999964e-02	8.309168e-05
1.099999999999994e-01	9.169617e-05
1.200000000000010e-01	1.003424e-04
1.300000000000008e-01	1.090280e-04
1.400000000000006e-01	1.177510e-04
1.500000000000004e-01	1.265094e-04
1.600000000000001e-01	1.353014e-04
1.699999999999999e-01	1.441254e-04
1.799999999999997e-01	1.529798e-04
1.899999999999995e-01	1.618631e-04
2.000000000000011e-01	1.707741e-04
2.100000000000009e-01	1.797113e-04
2.200000000000006e-01	1.886737e-04
2.300000000000004e-01	1.976601e-04
2.400000000000002e-01	2.066695e-04
2.500000000000000e-01	2.157010e-04
2.599999999999998e-01	2.247535e-04
2.699999999999996e-01	2.338263e-04
2.799999999999994e-01	2.429185e-04
2.900000000000009e-01	2.520293e-04
3.000000000000007e-01	2.611581e-04
3.100000000000005e-01	2.703042e-04
3.200000000000003e-01	2.794668e-04
3.300000000000001e-01	2.886454e-04
3.399999999999999e-01	2.978394e-04
3.499999999999996e-01	3.070483e-04
3.599999999999994e-01	3.162716e-04
3.700000000000010e-01	3.255086e-04
3.800000000000008e-01	3.347590e-04
3.900000000000006e-01	3.440224e-04
4.000000000000004e-01	3.532982e-04
4.100000000000001e-01	3.625861e-04
4.199999999999999e-01	3.718857e-04
4.299999999999997e-01	3.811967e-04
4.399999999999995e-01	3.905186e-04
4.500000000000011e-01	3.998512e-04
4.600000000000009e-01	4.091941e-04
4.700000000000006e-01	4.185470e-04
4.800000000000004e-01	4.279095e-04
4.900000000000002e-01	4.372816e-04
5.000000000000000e-01	4.466628e-04
5.099999999999998e-01	4.560529e-04
5.199999999999996e-01	4.654516e-04
5.299999999999994e-01	4.748588e-04
5.400000000000009e-01	4.842741e-04
5.500000000000007e-01	4.936975e-04
5.600000000000005e-01	5.031285e-04
5.700000000000003e-01	5.125671e-04
5.800000000000001e-01	5.220131e-04
5.899999999999999e-01	5.314663e-04
5.999999999999996e-01	5.409264e-04
6.099999999999994e-01	5.503933e-04
6.200000000000010e-01	5.598669e-04
6.300000000000008e-01	5.693469e-04
6.400000000000006e-01	5.788333e-04
6.500000000000004e-01	5.883259e-04
6.600000000000001e-01	5.978245e-04
6.699999999999999e-01	6.073290e-04
6.799999999999997e-01	6.168392e-04
6.899999999999995e-01	6.263551e-04
7.000000000000011e-01	6.358764e-04
7.100000000000009e-01	6.454031e-04
7.200000000000006e-01	6.549351e-04
7.300000000000004e-01	6.644722e-04
7.400000000000002e-01	6.740143e-04
7.500000000000000e-01	6.835613e-04
7.599999999999998e-01	6.931132e-04
7.699999999999996e-01	7.026697e-04
7.799999999999994e-01	7.122309e-04
7.900000000000009e-01	7.217966e-04
8.000000000000007e-01	7.313667e-04
8.100000000000005e-01	7.409412e-04
8.200000000000003e-01	7.505199e-04
8.300000000000001e-01	7.601028e-04
8.399999999999999e-01	7.696897e-04
8.499999999999996e-01	7.792807e-04
8.599999999999994e-01	7.888756e-04
8.700000000000010e-01	7.984744e-04
8.800000000000008e-01	8.080769e-04
8.900000000000006e-01	8.176831e-04
9.000000000000004e-01	8.272930e-04
9.100000000000001e-01	8.369064e-04
9.199999999999999e-01	8.465234e-04
9.299999999999997e-01	8.561438e-04
9.399999999999995e-01	8.657676e-04
9.500000000000011e-01	8.753947e-04
9.600000000000009e-01	8.850251e-04
9.700000000000006e-01	8.946586e-04
9.800000000000004e-01	9.042954e-04
9.900000000000002e-01	9.139352e-04
1.000000000000000e+00	9.235780e-04
1.010000000000000e+00	9.332239e-04
1.020000000000000e+00	9.428727e-04
1.029999999999999e+00	9.525244e-04
1.040000000000001e+00	9.621789e-04
1.050000000000001e+00	9.718363e-04
1.060000000000000e+00	9.814963e-04
1.070000000000000e+00	9.911591e-04
1.080000000000000e+00	1.000825e-03
1.090000000000000e+00	1.010493e-03
1.100000000000000e+00	1.020163e-03
1.109999999999999e+00	1.029837e-03
1.120000000000001e+00	1.039512e-03
1.130000000000001e+00	1.049190e-03
1.140000000000001e+00	1.058871e-03
1.150000000000000e+00	1.068554e-03
1.160000000000000e+00	1.078239e-03
1.170000000000000e+00	1.087927e-03
1.180000000000000e+00	1.097617e-03
1.190000000000000e+00	1.107309e-03
1.200000000000001e+00	1.117003e-03
1.210000000000001e+00	1.126700e-03
1.220000000000001e+00	1.136399e-03
1.230000000000000e+00	1.146100e-03
1.240000000000000e+00	1.155803e-03
1.250000000000000e+00	1.165508e-03
1.260000000000000e+00	1.175215e-03
1.270000000000000e+00	1.184924e-03
1.279999999999999e+00	1.194635e-03
1.290000000000001e+00	1.204348e-03
1.300000000000001e+00	1.214063e-03
1.310000000000000e+00	1.223779e-03
1.320000000000000e+00	1.233498e-03
1.330000000000000e+00	1.243219e-03
1.340000000000000e+00	1.252941e-03
1.350000000000000e+00	1.262665e-03
1.359999999999999e+00	1.272391e-03
1.370000000000001e+00	1.282119e-03
1.380000000000001e+00	1.291848e-03
1.390000000000001e+00	1.301579e-03
1.400000000000000e+00	1.311312e-03
1.410000000000000e+00	1.321046e-03
1.420000000000000e+00	1.330782e-03
1.430000000000000e+00	1.340520e-03
1.440000000000000e+00	1.350259e-03
1.450000000000001e+00	1.360000e-03
1.460000000000001e+00	1.369743e-03
1.470000000000001e+00	1.379487e-03
1.480000000000000e+00	1.389232e-03
1.490000000000000e+00	1.398979e-03
1.500000000000000e+00	1.408728e-03
1.510000000000000e+00	1.418478e-03
1.520000000000000e+00	1.428229e-03
1.529999999999999e+00	1.437982e-03
1.540000000000001e+00	1.447736e-03
1.550000000000001e+00	1.457492e-03
1.560000000000000e+00	1.467249e-03
1.570000000000000e+00	1.477007e-03
1.580000000000000e+00	1.486767e-03
1.590000000000000e+00	1.496528e-03
1.600000000000000e+00	1.506290e-03
1.609999999999999e+00	1.516054e-03
1.620000000000001e+00	1.525819e-03
1.630000000000001e+00	1.535585e-03
1.640000000000001e+00	1.545353e-03
1.650000000000000e+00	1.555122e-03
1.660000000000000e+00	1.564892e-03
1.670000000000000e+00	1.574663e-03
1.680000000000000e+00	1.584435e-03
1.690000000000000e+00	1.594209e-03
1.700000000000001e+00	1.603984e-03
1.710000000000001e+00	1.613760e-03
1.720000000000001e+00	1.623537e-03
1.730000000000000e+00	1.633315e-03
1.740000000000000e+00	1.643095e-03
1.750000000000000e+00	1.652875e-03
1.760000000000000e+00	1.662657e-03
1.770000000000000e+00	1.672440e-03
1.779999999999999e+00	1.682224e-03
1.790000000000001e+00	1.692009e-03
1.800000000000001e+00	1.701795e-03
1.810000000000000e+00	1.711582e-03
1.820000000000000e+00	1.721370e-03
1.830000000000000e+00	1.731159e-03
1.840000000000000e+00	1.740949e-03
1.850000000000000e+00	1.750740e-03
1.859999999999999e+00	1.760532e-03
1.870000000000001e+00	1.770325e-03
1.880000000000001e+00	1.780119e-03
1.890000000000001e+00	1.789914e-03
1.900000000000000e+00	1.799710e-03
1.910000000000000e+00	1.809507e-03
1.920000000000000e+00	1.819305e-03
1.930000000000000e+00	1.829104e-03
1.940000000000000e+00	1.838904e-03
1.950000000000001e+00	1.848705e-03
1.960000000000001e+00	1.858506e-03
1.970000000000001e+00	1.868309e-03
1.980000000000000e+00	1.878112e-03
1.990000000000000e+00	1.887917e-03
2.000000000000000e+00	1.897722e-03
2.010000000000000e+00	1.907528e-03
2.020000000000000e+00	1.917335e-03
2.030000000000001e+00	1.927142e-03
2.040000000000001e+00	1.936951e-03
2.050000000000001e+00	1.946760e-03
2.060000000000000e+00	1.956571e-03
2.070000000000000e+00	1.966382e-03
2.080000000000000e+00	1.976194e-03
2.090000000000000e+00	1.986006e-03
2.100000000000000e+00	1.995820e-03
2.109999999999999e+00	2.005634e-03
2.120000000000001e+00	2.015449e-03
2.130000000000001e+00	2.025265e-03
2.140000000000001e+00	2.035082e-03
2.150000000000000e+00	2.044899e-03
2.160000000000000e+00	2.054717e-03
2.170000000000000e+00	2.064536e-03
2.180000000000000e+00	2.074355e-03
2.190000000000000e+00	2.084176e-03
2.200000000000001e+00	2.093997e-03
2.210000000000001e+00	2.103819e-03
2.220000000000001e+00	2.113641e-03
2.230000000000000e+00	2.123465e-03
2.240000000000000e+00	2.133289e-03
2.250000000000000e+00	2.143113e-03
2.260000000000000e+00	2.152939e-03
2.270000000000000e+00	2.162765e-03
2.280000000000001e+00	2.172591e-03
2.290000000000001e+00	2.182419e-03
2.300000000000001e+00	2.192247e-03
2.310000000000000e+00	2.202075e-03
2.320000000000000e+00	2.211905e-03
2.330000000000000e+00	2.221735e-03
2.340000000000000e+00	2.231566e-03
2.350000000000000e+00	2.241397e-03
2.359999999999999e+00	2.251229e-03
2.370000000000001e+00	2.261061e-03
2.380000000000001e+00	2.270895e-03
2.390000000000001e+00	2.280729e-03
2.400000000000000e+00	2.290563e-03
2.410000000000000e+00	2.300398e-03
2.420000000000000e+00	2.310234e-03
2.430000000000000e+00	2.320070e-03
2.440000000000000e+00	2.329907e-03
2.450000000000001e+00	2.339745e-03
2.460000000000001e+00	2.349583e-03
2.470000000000001e+00	2.359421e-03
2.480000000000000e+00	2.369261e-03
2.490000000000000e+00	2.379101e-03
2.500000000000000e+00	2.388941e-03
2.510000000000000e+00	2.398782e-03
2.520000000000000e+00	2.408624e-03
2.530000000000001e+00	2.418466e-03
2.540000000000001e+00	2.428309e-03
2.550000000000001e+00	2.438152e-03
2.560000000000000e+00	2.447996e-03
2.570000000000000e+00	2.457840e-03
2.580000000000000e+00	2.467685e-03
2.590000000000000e+00	2.477530e-03
2.600000000000000e+00	2.487376e-03
2.609999999999999e+00	2.497223e-03
2.620000000000001e+00	2.507070e-03
2.630000000000001e+00	2.516917e-03
2.640000000000001e+00	2.526765e-03
2.650000000000000e+00	2.536614e-03
2.660000000000000e+00	2.546463e-03
2.670000000000000e+00	2.556312e-03
2.680000000000000e+00	2.566162e-03
2.690000000000000e+00	2.576013e-03
2.700000000000001e+00	2.585864e-03
2.710000000000001e+00	2.595715e-03
2.720000000000001e+00	2.605567e-03
2.730000000000000e+00	2.615420e-03
2.740000000000000e+00	2.625273e-03
2.750000000000000e+00	2.635127e-03
2.760000000000000e+00	2.644981e-03
2.770000000000000e+00	2.654835e-03
2.780000000000001e+00	2.664690e-03
2.790000000000001e+00	2.674545e-03
2.800000000000001e+00	2.684401e-03
2.810000000000000e+00	2.694257e-03
2.820000000000000e+00	2.704114e-03
2.830000000000000e+00	2.713971e-03
2.840000000000000e+00	2.723829e-03
2.850000000000000e+00	2.733687e-03
2.859999999999999e+00	2.743546e-03
2.870000000000001e+00	2.753405e-03
2.880000000000001e+00	2.763264e-03
2.890000000000001e+00	2.773124e-03
2.900000000000000e+00	2.782984e-03
2.910000000000000e+00	2.792845e-03
2.920000000000000e+00	2.802706e-03
2.930000000000000e+00	2.812568e-03
2.940000000000000e+00	2.822430e-03
2.950000000000001e+00	2.832292e-03
2.960000000000001e+00	2.842155e-03
2.970000000000001e+00	2.852018e-03
2.980000000000000e+00	2.861882e-03
2.990000000000000e+00	2.871746e-03
3.000000000000000e+00	2.881610e-03
3.010000000000000e+00	2.891475e-03
3.020000000000000e+00	2.901340e-03
3.030000000000001e+00	2.911206e-03
3.040000000000001e+00	2.921072e-03
3.050000000000001e+00	2.930938e-03
3.060000000000000e+00	2.940805e-03
3.070000000000000e+00	2.950673e-03
3.080000000000000e+00	2.960540e-03
3.090000000000000e+00	2.970408e-03
3.100000000000000e+00	2.980276e-03
3.109999999999999e+00	2.990145e-03
3.120000000000001e+00	3.000014e-03
3.130000000000001e+00	3.009884e-03
3.140000000000001e+00	3.019754e-03
3.150000000000000e+00	3.029624e-03
3.160000000000000e+00	3.039495e-03
3.170000000000000e+00	3.049365e-03
3.180000000000000e+00	3.059237e-03
3.190000000000000e+00	3.069109e-03
3.200000000000001e+00	3.078981e-03
3.210000000000001e+00	3.088853e-03
3.220000000000001e+00	3.098726e-03
3.230000000000000e+00	3.108599e-03
3.240000000000000e+00	3.118472e-03
3.250000000000000e+00	3.128346e-03
3.260000000000000e+00	3.138220e-03
3.270000000000000e+00	3.148095e-03
3.280000000000001e+00	3.157970e-03
3.290000000000001e+00	3.167845e-03
3.300000000000001e+00	3.177720e-03
3.310000000000000e+00	3.187596e-03
3.320000000000000e+00	3.197472e-03
3.330000000000000e+00	3.207349e-03
3.340000000000000e+00	3.217226e-03
3.350000000000000e+00	3.227103e-03
3.359999999999999e+00	3.236980e-03
3.370000000000001e+00	3.246858e-03
3.380000000000001e+00	3.256736e-03
3.390000000000001e+00	3.266615e-03
3.400000000000000e+00	3.276494e-03
3.410000000000000e+00	3.286373e-03
3.420000000000000e+00	3.296252e-03
3.430000000000000e+00	3.306132e-03
3.440000000000000e+00	3.316012e-03
3.450000000000001e+00	3.325892e-03
3.460000000000001e+00	3.335773e-03
3.470000000000001e+00	3.345654e-03
3.480000000000000e+00	3.355535e-03
3.490000000000000e+00	3.365417e-03
3.500000000000000e+00	3.375299e-03
3.510000000000000e+00	3.385181e-03
3.520000000000000e+00	3.395063e-03
3.530000000000001e+00	3.404946e-03
3.540000000000001e+00	3.414829e-03
3.550000000000001e+00	3.424712e-03
3.560000000000000e+00	3.434596e-03
3.570000000000000e+00	3.444480e-03
3.580000000000000e+00	3.454364e-03
3.590000000000000e+00	3.464248e-03
3.600000000000000e+00	3.474133e-03
3.609999999999999e+00	3.484018e-03
3.620000000000001e+00	3.493904e-03
3.630000000000001e+00	3.503789e-03
3.640000000000001e+00	3.513675e-03
3.650000000000000e+00	3.523561e-03
3.660000000000000e+00	3.533448e-03
3.670000000000000e+00	3.543335e-03
3.680000000000000e+00	3.553222e-03
3.690000000000000e+00	3.563109e-03
3.700000000000001e+00	3.572996e-03
3.710000000000001e+00	3.582884e-03
3.720000000000001e+00	3.592772e-03
3.730000000000000e+00	3.602661e-03
3.740000000000000e+00	3.612550e-03
3.750000000000000e+00	3.622438e-03
3.760000000000000e+00	3.632328e-03
3.770000000000000e+00	3.642217e-03
3.780000000000001e+00	3.652107e-03
3.790000000000001e+00	3.661996e-03
3.800000000000001e+00	3.671887e-03
3.810000000000000e+00	3.681777e-03
3.820000000000000e+00	3.691668e-03
3.830000000000000e+00	3.701559e-03
3.840000000000000e+00	3.711450e-03
3.850000000000000e+00	3.721341e-03
3.859999999999999e+00	3.731233e-03
3.870000000000001e+00	3.741125e-03
3.880000000000001e+00	3.751017e-03
3.890000000000001e+00	3.760910e-03
3.900000000000000e+00	3.770802e-03
3.910000000000000e+00	3.780695e-03
3.920000000000000e+00	3.790588e-03
3.930000000000000e+00	3.800482e-03
3.940000000000000e+00	3.810375e-03
3.950000000000001e+00	3.820269e-03
3.960000000000001e+00	3.830163e-03
3.970000000000001e+00	3.840058e-03
3.980000000000000e+00	3.849952e-03
3.990000000000000e+00	3.859847e-03
4.000000000000000e+00	3.869742e-03
4.010000000000000e+00	3.879637e-03
4.020000000000000e+00	3.889533e-03
4.030000000000001e+00	3.899429e-03
4.040000000000001e+00	3.909325e-03
4.050000000000001e+00	3.919221e-03
4.060000000000000e+00	3.929117e-03
4.070000000000000e+00	3.939014e-03
4.080000000000000e+00	3.948911e-03
4.090000000000000e+00	3.958808e-03
4.100000000000000e+00	3.968705e-03
4.109999999999999e+00	3.978603e-03
4.120000000000001e+00	3.988501e-03
4.130000000000001e+00	3.998398e-03
4.140000000000001e+00	4.008297e-03
4.150000000000000e+00	4.018195e-03
4.160000000000000e+00	4.028094e-03
4.170000000000000e+00	4.037993e-03
4.180000000000000e+00	4.047892e-03
4.190000000000000e+00	4.057791e-03
4.200000000000001e+00	4.067690e-03
4.210000000000001e+00	4.077590e-03
4.220000000000001e+00	4.087490e-03
4.230000000000000e+00	4.097390e-03
4.240000000000000e+00	4.107290e-03
4.250000000000000e+00	4.117191e-03
4.260000000000000e+00	4.127091e-03
4.270000000000000e+00	4.136993e-03
4.280000000000001e+00	4.146894e-03
4.290000000000001e+00	4.156795e-03
4.300000000000001e+00	4.166696e-03
4.310000000000000e+00	4.176598e-03
4.320000000000000e+00	4.186500e-03
4.330000000000000e+00	4.196402e-03
4.340000000000000e+00	4.206304e-03
4.350000000000000e+00	4.216207e-03
4.359999999999999e+00	4.226110e-03
4.370000000000001e+00	4.236013e-03
4.380000000000001e+00	4.245916e-03
4.390000000000001e+00	4.255819e-03
4.400000000000000e+00	4.265722e-03
4.410000000000000e+00	4.275626e-03
4.420000000000000e+00	4.285530e-03
4.430000000000000e+00	4.295434e-03
4.440000000000000e+00	4.305338e-03
4.450000000000001e+00	4.315243e-03
4.460000000000001e+00	4.325148e-03
4.470000000000001e+00	4.335052e-03
4.480000000000000e+00	4.344957e-03
4.490000000000000e+00	4.354862e-03
4.500000000000000e+00	4.364768e-03
4.510000000000000e+00	4.374674e-03
4.520000000000000e+00	4.384579e-03
4.530000000000001e+00	4.394485e-03
4.540000000000001e+00	4.404391e-03
4.550000000000001e+00	4.414298e-03
4.560000000000000e+00	4.424204e-03
4.570000000000000e+00	4.434111e-03
4.580000000000000e+00	4.444018e-03
4.590000000000000e+00	4.453924e-03
4.600000000000000e+00	4.463832e-03
4.609999999999999e+00	4.473739e-03
4.620000000000001e+00	4.483647e-03
4.630000000000001e+00	4.493555e-03
4.640000000000001e+00	4.503462e-03
4.650000000000000e+00	4.513370e-03
4.660000000000000e+00	4.523279e-03
4.670000000000000e+00	4.533187e-03
4.680000000000000e+00	4.543095e-03
4.690000000000000e+00	4.553004e-03
4.700000000000001e+00	4.562913e-03
4.710000000000001e+00	4.572822e-03
4.720000000000001e+00	4.582732e-03
4.730000000000000e+00	4.592641e-03
4.740000000000000e+00	4.602551e-03
4.750000000000000e+00	4.612460e-03
4.760000000000000e+00	4.622370e-03
4.770000000000000e+00	4.632280e-03
4.780000000000001e+00	4.642190e-03
4.790000000000001e+00	4.652101e-03
4.800000000000001e+00	4.662011e-03
4.810000000000000e+00	4.671922e-03
4.820000000000000e+00	4.681833e-03
4.830000000000000e+00	4.691744e-03
4.840000000000000e+00	4.701655e-03
4.850000000000000e+00	4.711566e-03
4.859999999999999e+00	4.721478e-03
4.870000000000001e+00	4.731390e-03
4.880000000000001e+00	4.741302e-03
4.890000000000001e+00	4.751214e-03
4.900000000000000e+00	4.761126e-03
4.910000000000000e+00	4.771038e-03
4.920000000000000e+00	4.780951e-03
4.930000000000000e+00	4.790863e-03
4.940000000000000e+00	4.800776e-03
4.950000000000001e+00	4.810689e-03
4.960000000000001e+00	4.820602e-03
4.970000000000001e+00	4.830515e-03
4.980000000000000e+00	4.840429e-03
4.990000000000000e+00	4.850342e-03
5.000000000000000e+00	4.860256e-03
5.010000000000000e+00	4.870170e-03
5.020000000000000e+00	4.880084e-03
5.030000000000001e+00	4.889998e-03
5.040000000000001e+00	4.899913e-03
5.050000000000001e+00	4.909827e-03
5.060000000000000e+00	4.919741e-03
5.070000000000000e+00	4.929656e-03
5.080000000000000e+00	4.939571e-03
5.090000000000000e+00	4.949486e-03
5.100000000000000e+00	4.959401e-03
5.109999999999999e+00	4.969317e-03
5.120000000000001e+00	4.979232e-03
5.130000000000001e+00	4.989147e-03
5.140000000000001e+00	4.999063e-03
5.150000000000000e+00	5.008979e-03
5.160000000000000e+00	5.018895e-03
5.170000000000000e+00	5.028811e-03
5.180000000000000e+00	5.038728e-03
5.190000000000000e+00	5.048644e-03
5.200000000000001e+00	5.058561e-03
5.210000000000001e+00	5.068477e-03
5.220000000000001e+00	5.078394e-03
5.230000000000000e+00	5.088311e-03
5.240000000000000e+00	5.098228e-03
5.250000000000000e+00	5.108146e-03
5.260000000000000e+00	5.118063e-03
5.270000000000000e+00	5.127980e-03
5.280000000000001e+00	5.137898e-03
5.290000000000001e+00	5.147816e-03
5.300000000000001e+00	5.157734e-03
5.310000000000000e+00	5.167652e-03
5.320000000000000e+00	5.177570e-03
5.330000000000000e+00	5.187489e-03
5.340000000000000e+00	5.197407e-03
5.350000000000000e+00	5.207325e-03
5.359999999999999e+00	5.217244e-03
5.370000000000001e+00	5.227163e-03
5.380000000000001e+00	5.237082e-03
5.390000000000001e+00	5.247001e-03
5.400000000000000e+00	5.256921e-03
5.410000000000000e+00	5.266840e-03
5.420000000000000e+00	5.276759e-03
5.430000000000000e+00	5.286679e-03
5.440000000000000e+00	5.296599e-03
5.450000000000001e+00	5.306519e-03
5.460000000000001e+00	5.316439e-03
5.470000000000001e+00	5.326359e-03
5.480000000000000e+00	5.336279e-03
5.490000000000000e+00	5.346199e-03
5.500000000000000e+00	5.356120e-03
5.510000000000000e+00	5.366041e-03
5.520000000000000e+00	5.375961e-03
5.530000000000001e+00	5.385882e-03
5.540000000000001e+00	5.395803e-03
5.550000000000001e+00	5.405725e-03
5.560000000000000e+00	5.415646e-03
5.570000000000000e+00	5.425567e-03
5.580000000000000e+00	5.435489e-03
5.590000000000000e+00	5.445410e-03
5.600000000000000e+00	5.455332e-03
5.610000000000001e+00	5.465254e-03
5.620000000000001e+00	5.475176e-03
5.630000000000001e+00	5.485098e-03
5.640000000000001e+00	5.495020e-03
5.650000000000000e+00	5.504942e-03
5.660000000000000e+00	5.514865e-03
5.670000000000000e+00	5.524788e-03
5.680000000000000e+00	5.534710e-03
5.690000000000000e+00	5.544633e-03
5.700000000000001e+00	5.554556e-03
5.710000000000001e+00	5.564479e-03
5.720000000000001e+00	5.574402e-03
5.730000000000000e+00	5.584325e-03
5.740000000000000e+00	5.594249e-03
5.750000000000000e+00	5.604172e-03
5.760000000000000e+00	5.614096e-03
5.770000000000000e+00	5.624020e-03
5.780000000000001e+00	5.633943e-03
5.790000000000001e+00	5.643867e-03
5.800000000000001e+00	5.653792e-03
5.810000000000000e+00	5.663716e-03
5.820000000000000e+00	5.673640e-03
5.830000000000000e+00	5.683564e-03
5.840000000000000e+00	5.693489e-03
5.850000000000000e+00	5.703413e-03
5.860000000000001e+00	5.713338e-03
5.870000000000001e+00	5.723263e-03
5.880000000000001e+00	5.733188e-03
5.890000000000001e+00	5.743113e-03
5.900000000000000e+00	5.753038e-03
5.910000000000000e+00	5.762964e-03
5.920000000000000e+00	5.772889e-03
5.930000000000000e+00	5.782814e-03
5.940000000000000e+00	5.792740e-03
5.950000000000001e+00	5.802665e-03
5.960000000000001e+00	5.812591e-03
5.970000000000001e+00	5.822517e-03
5.980000000000000e+00	5.832443e-03
5.990000000000000e+00	5.842370e-03
6.000000000000000e+00	5.852296e-03
6.010000000000002e+00	5.862222e-03
6.020000000000000e+00	5.872149e-03
6.030000000000001e+00	5.882075e-03
6.039999999999999e+00	5.892002e-03
6.050000000000001e+00	5.901929e-03
6.059999999999999e+00	5.911855e-03
6.070000000000000e+00	5.921782e-03
6.080000000000002e+00	5.931709e-03
6.090000000000000e+00	5.941636e-03
6.100000000000001e+00	5.951564e-03
6.109999999999999e+00	5.961491e-03
6.120000000000001e+00	5.971419e-03
6.129999999999999e+00	5.981346e-03
6.140000000000001e+00	5.991274e-03
6.149999999999999e+00	6.001201e-03
6.160000000000000e+00	6.011129e-03
6.170000000000002e+00	6.021057e-03
6.180000000000000e+00	6.030986e-03
6.190000000000001e+00	6.040914e-03
6.199999999999999e+00	6.050842e-03
6.210000000000001e+00	6.060770e-03
6.219999999999999e+00	6.070699e-03
6.230000000000000e+00	6.080627e-03
6.240000000000002e+00	6.090556e-03
6.250000000000000e+00	6.100485e-03
6.260000000000002e+00	6.110413e-03
6.270000000000000e+00	6.120342e-03
6.280000000000001e+00	6.130272e-03
6.289999999999999e+00	6.140200e-03
6.300000000000001e+00	6.150130e-03
6.309999999999999e+00	6.160059e-03
6.320000000000000e+00	6.169988e-03
6.330000000000002e+00	6.179918e-03
6.340000000000000e+00	6.189848e-03
6.350000000000001e+00	6.199777e-03
6.359999999999999e+00	6.209707e-03
6.370000000000001e+00	6.219637e-03
6.379999999999999e+00	6.229567e-03
6.390000000000001e+00	6.239497e-03
6.399999999999999e+00	6.249427e-03
6.410000000000000e+00	6.259358e-03
6.420000000000002e+00	6.269288e-03
6.430000000000000e+00	6.279218e-03
6.440000000000001e+00	6.289149e-03
6.449999999999999e+00	6.299079e-03
6.460000000000001e+00	6.309010e-03
6.469999999999999e+00	6.318941e-03
6.480000000000000e+00	6.328872e-03
6.490000000000002e+00	6.338803e-03
6.500000000000000e+00	6.348734e-03
6.510000000000002e+00	6.358665e-03
6.520000000000000e+00	6.368597e-03
6.530000000000001e+00	6.378528e-03
6.539999999999999e+00	6.388459e-03
6.550000000000001e+00	6.398391e-03
6.559999999999999e+00	6.408322e-03
6.570000000000000e+00	6.418254e-03
6.580000000000002e+00	6.428186e-03
6.590000000000000e+00	6.438117e-03
6.600000000000001e+00	6.448050e-03
6.609999999999999e+00	6.457982e-03
6.620000000000001e+00	6.467914e-03
6.629999999999999e+00	6.477846e-03
6.640000000000001e+00	6.487778e-03
6.649999999999999e+00	6.497710e-03
6.660000000000000e+00	6.507643e-03
6.670000000000002e+00	6.517576e-03
6.680000000000000e+00	6.527508e-03
6.690000000000001e+00	6.537441e-03
6.699999999999999e+00	6.547374e-03
6.710000000000001e+00	6.557307e-03
6.719999999999999e+00	6.567240e-03
6.730000000000000e+00	6.577173e-03
6.740000000000002e+00	6.587106e-03
6.750000000000000e+00	6.597039e-03
6.760000000000002e+00	6.606972e-03
6.770000000000000e+00	6.616906e-03
6.780000000000001e+00	6.626839e-03
6.789999999999999e+00	6.636773e-03
6.800000000000001e+00	6.646707e-03
6.809999999999999e+00	6.656640e-03
6.820000000000000e+00	6.666574e-03
6.830000000000002e+00	6.676508e-03
6.840000000000000e+00	6.686442e-03
6.850000000000001e+00	6.696376e-03
6.859999999999999e+00	6.706310e-03
6.870000000000001e+00	6.716244e-03
6.879999999999999e+00	6.726179e-03
6.890000000000001e+00	6.736113e-03
6.899999999999999e+00	6.746048e-03
6.910000000000000e+00	6.755982e-03
6.920000000000002e+00	6.765916e-03
6.930000000000000e+00	6.775851e-03
6.940000000000001e+00	6.785786e-03
6.949999999999999e+00	6.795721e-03
6.960000000000001e+00	6.805656e-03
6.969999999999999e+00	6.815591e-03
6.980000000000000e+00	6.825526e-03
6.990000000000002e+00	6.835461e-03
7.000000000000000e+00	6.845396e-03
7.010000000000002e+00	6.855332e-03
7.020000000000000e+00	6.865267e-03
7.030000000000001e+00	6.875203e-03
7.039999999999999e+00	6.885138e-03
7.050000000000001e+00	6.895074e-03
7.059999999999999e+00	6.905010e-03
7.070000000000000e+00	6.914945e-03
7.080000000000002e+00	6.924881e-03
7.090000000000000e+00	6.934817e-03
7.100000000000001e+00	6.944753e-03
7.109999999999999e+00	6.954689e-03
7.120000000000001e+00	6.964625e-03
7.129999999999999e+00	6.974562e-03
7.140000000000001e+00	6.984498e-03
7.150000000000002e+00	6.994434e-03
7.160000000000000e+00	7.004370e-03
7.170000000000002e+00	7.014307e-03
7.180000000000000e+00	7.024244e-03
7.190000000000001e+00	7.034180e-03
7.199999999999999e+00	7.044117e-03
7.210000000000001e+00	7.054054e-03
7.219999999999999e+00	7.063991e-03
7.230000000000000e+00	7.073928e-03
7.240000000000002e+00	7.083865e-03
7.250000000000000e+00	7.093802e-03
7.260000000000002e+00	7.103739e-03
7.270000000000000e+00	7.113677e-03
7.280000000000001e+00	7.123614e-03
7.289999999999999e+00	7.133551e-03
7.300000000000001e+00	7.143489e-03
7.309999999999999e+00	7.153426e-03
7.320000000000000e+00	7.163364e-03
7.330000000000002e+00	7.173301e-03
7.340000000000000e+00	7.183239e-03
7.350000000000001e+00	7.193177e-03
7.359999999999999e+00	7.203115e-03
7.370000000000001e+00	7.213053e-03
7.379999999999999e+00	7.222991e-03
7.390000000000001e+00	7.232929e-03
7.400000000000002e+00	7.242867e-03
7.410000000000000e+00	7.252805e-03
7.420000000000002e+00	7.262744e-03
7.430000000000000e+00	7.272682e-03
7.440000000000001e+00	7.282620e-03
7.449999999999999e+00	7.292559e-03
7.460000000000001e+00	7.302498e-03
7.469999999999999e+00	7.312436e-03
7.480000000000000e+00	7.322375e-03
7.490000000000002e+00	7.332314e-03
7.500000000000000e+00	7.342252e-03
7.510000000000002e+00	7.352191e-03
7.520000000000000e+00	7.362131e-03
7.530000000000001e+00	7.372070e-03
7.539999999999999e+00	7.382009e-03
7.550000000000001e+00	7.391948e-03
7.559999999999999e+00	7.401887e-03
7.570000000000000e+00	7.411826e-03
7.580000000000002e+00	7.421766e-03
7.590000000000000e+00	7.431705e-03
7.600000000000001e+00	7.441645e-03
7.609999999999999e+00	7.451585e-03
7.620000000000001e+00	7.461524e-03
7.629999999999999e+00	7.471464e-03
7.640000000000001e+00	7.481404e-03
7.650000000000002e+00	7.491343e-03
7.660000000000000e+00	7.501283e-03
7.670000000000002e+00	7.511223e-03
7.680000000000000e+00	7.521163e-03
7.690000000000001e+00	7.531103e-03
7.699999999999999e+00	7.541044e-03
7.710000000000001e+00	7.550984e-03
7.719999999999999e+00	7.560924e-03
7.730000000000000e+00	7.570865e-03
7.740000000000002e+00	7.580805e-03
7.750000000000000e+00	7.590746e-03
7.760000000000002e+00	7.600686e-03
7.770000000000000e+00	7.610627e-03
7.780000000000001e+00	7.620567e-03
7.789999999999999e+00	7.630508e-03
7.800000000000001e+00	7.640449e-03
7.809999999999999e+00	7.650390e-03
7.820000000000000e+00	7.660331e-03
7.830000000000002e+00	7.670272e-03
7.840000000000000e+00	7.680213e-03
7.850000000000001e+00	7.690154e-03
7.859999999999999e+00	7.700095e-03
7.870000000000001e+00	7.710036e-03
7.879999999999999e+00	7.719977e-03
7.890000000000001e+00	7.729919e-03
7.900000000000002e+00	7.739860e-03
7.910000000000000e+00	7.749802e-03
7.920000000000002e+00	7.759743e-03
7.930000000000000e+00	7.769685e-03
7.940000000000001e+00	7.779627e-03
7.949999999999999e+00	7.789568e-03
7.960000000000001e+00	7.799510e-03
7.969999999999999e+00	7.809452e-03
7.980000000000000e+00	7.819394e-03
7.990000000000002e+00	7.829336e-03
8.000000000000000e+00	7.839277e-03
8.010000000000002e+00	7.849220e-03
8.020000000000000e+00	7.859162e-03
8.030000000000001e+00	7.869104e-03
8.039999999999999e+00	7.879047e-03
8.050000000000001e+00	7.888989e-03
8.059999999999999e+00	7.898931e-03
8.070000000000000e+00	7.908873e-03
8.080000000000002e+00	7.918816e-03
8.090000000000000e+00	7.928759e-03
8.100000000000001e+00	7.938702e-03
8.109999999999999e+00	7.948644e-03
8.120000000000001e+00	7.958586e-03
8.129999999999999e+00	7.968529e-03
8.140000000000001e+00	7.978472e-03
8.150000000000002e+00	7.988415e-03
8.160000000000000e+00	7.998358e-03
8.170000000000002e+00	8.008301e-03
8.180000000000000e+00	8.018244e-03
8.190000000000001e+00	8.028187e-03
8.199999999999999e+00	8.038131e-03
8.210000000000001e+00	8.048073e-03
8.219999999999999e+00	8.058017e-03
8.230000000000000e+00	8.067960e-03
8.240000000000002e+00	8.077904e-03
8.250000000000000e+00	8.087847e-03
8.260000000000002e+00	8.097791e-03
8.270000000000000e+00	8.107734e-03
8.280000000000001e+00	8.117678e-03
8.289999999999999e+00	8.127621e-03
8.300000000000001e+00	8.137565e-03
8.309999999999999e+00	8.147509e-03
8.320000000000000e+00	8.157453e-03
8.330000000000002e+00	8.167397e-03
8.340000000000000e+00	8.177341e-03
8.350000000000001e+00	8.187285e-03
8.359999999999999e+00	8.197229e-03
8.370000000000001e+00	8.207173e-03
8.379999999999999e+00	8.217117e-03
8.390000000000001e+00	8.227061e-03
8.400000000000002e+00	8.237006e-03
8.410000000000000e+00	8.246950e-03
8.420000000000002e+00	8.256895e-03
8.430000000000000e+00	8.266839e-03
8.440000000000001e+00	8.276784e-03
8.449999999999999e+00	8.286728e-03
8.460000000000001e+00	8.296672e-03
8.469999999999999e+00	8.306617e-03
8.480000000000000e+00	8.316562e-03
8.490000000000002e+00	8.326507e-03
8.500000000000000e+00	8.336452e-03
8.510000000000002e+00	8.346396e-03
8.520000000000000e+00	8.356341e-03
8.530000000000001e+00	8.366287e-03
8.539999999999999e+00	8.376231e-03
8.550000000000001e+00	8.386176e-03
8.559999999999999e+00	8.396122e-03
8.570000000000000e+00	8.406067e-03
8.580000000000002e+00	8.416012e-03
8.590000000000000e+00	8.425958e-03
8.600000000000001e+00	8.435903e-03
8.609999999999999e+00	8.445848e-03
8.620000000000001e+00	8.455793e-03
8.629999999999999e+00	8.465739e-03
8.640000000000001e+00	8.475685e-03
8.650000000000002e+00	8.485630e-03
8.660000000000000e+00	8.495576e-03
8.670000000000002e+00	8.505521e-03
8.680000000000000e+00	8.515467e-03
8.690000000000001e+00	8.525413e-03
8.699999999999999e+00	8.535359e-03
8.710000000000001e+00	8.545305e-03
8.719999999999999e+00	8.555251e-03
8.730000000000000e+00	8.565197e-03
8.740000000000002e+00	8.575143e-03
8.750000000000000e+00	8.585089e-03
8.760000000000002e+00	8.595035e-03
8.770000000000000e+00	8.604981e-03
8.780000000000001e+00	8.614928e-03
8.789999999999999e+00	8.624874e-03
8.800000000000001e+00	8.634821e-03
8.809999999999999e+00	8.644766e-03
8.820000000000000e+00	8.654713e-03
8.830000000000002e+00	8.664659e-03
8.840000000000000e+00	8.674606e-03
8.850000000000001e+00	8.684552e-03
8.859999999999999e+00	8.694500e-03
8.870000000000001e+00	8.704446e-03
8.879999999999999e+00	8.714393e-03
8.890000000000001e+00	8.724339e-03
8.900000000000002e+00	8.734287e-03
8.910000000000000e+00	8.744233e-03
8.920000000000002e+00	8.754180e-03
8.930000000000000e+00	8.764127e-03
8.940000000000001e+00	8.774074e-03
8.949999999999999e+00	8.784021e-03
8.960000000000001e+00	8.793969e-03
8.969999999999999e+00	8.803915e-03
8.980000000000000e+00	8.813863e-03
8.990000000000002e+00	8.823810e-03
9.000000000000000e+00	8.833758e-03
9.010000000000002e+00	8.843705e-03
9.020000000000000e+00	8.853653e-03
9.030000000000001e+00	8.863600e-03
9.039999999999999e+00	8.873547e-03
9.050000000000001e+00	8.883495e-03
9.059999999999999e+00	8.893442e-03
9.070000000000000e+00	8.903390e-03
9.080000000000002e+00	8.913337e-03
9.090000000000000e+00	8.923286e-03
9.100000000000001e+00	8.933233e-03
9.109999999999999e+00	8.943181e-03
9.120000000000001e+00	8.953129e-03
9.129999999999999e+00	8.963076e-03
9.140000000000001e+00	8.973025e-03
9.150000000000002e+00	8.982973e-03
9.160000000000000e+00	8.992921e-03
9.170000000000002e+00	9.002869e-03
9.180000000000000e+00	9.012817e-03
9.190000000000001e+00	9.022765e-03
9.199999999999999e+00	9.032713e-03
9.210000000000001e+00	9.042662e-03
9.219999999999999e+00	9.052610e-03
9.230000000000000e+00	9.062558e-03
9.240000000000002e+00	9.072507e-03
9.250000000000000e+00	9.082455e-03
9.260000000000002e+00	9.092404e-03
9.270000000000000e+00	9.102352e-03
9.280000000000001e+00	9.112301e-03
9.289999999999999e+00	9.122250e-03
9.300000000000001e+00	9.132198e-03
9.309999999999999e+00	9.142147e-03
9.320000000000000e+00	9.152096e-03
9.330000000000002e+00	9.162044e-03
9.340000000000000e+00	9.171993e-03
9.350000000000001e+00	9.181942e-03
9.359999999999999e+00	9.191891e-03
9.370000000000001e+00	9.201840e-03
9.379999999999999e+00	9.211789e-03
9.390000000000001e+00	9.221738e-03
9.400000000000002e+00	9.231688e-03
9.410000000000000e+00	9.241637e-03
9.420000000000002e+00	9.251586e-03
9.430000000000000e+00	9.261535e-03
9.440000000000001e+00	9.271485e-03
9.449999999999999e+00	9.281434e-03
9.460000000000001e+00	9.291383e-03
9.469999999999999e+00	9.301333e-03
9.480000000000000e+00	9.311282e-03
9.490000000000002e+00	9.321231e-03
9.500000000000000e+00	9.331181e-03
9.510000000000002e+00	9.341131e-03
9.520000000000000e+00	9.351080e-03
9.530000000000001e+00	9.361030e-03
9.539999999999999e+00	9.370980e-03
9.550000000000001e+00	9.380929e-03
9.559999999999999e+00	9.390879e-03
9.570000000000000e+00	9.400829e-03
9.580000000000002e+00	9.410779e-03
9.590000000000000e+00	9.420729e-03
9.600000000000001e+00	9.430679e-03
9.609999999999999e+00	9.440629e-03
9.620000000000001e+00	9.450579e-03
9.629999999999999e+00	9.460529e-03
9.640000000000001e+00	9.470479e-03
9.650000000000002e+00	9.480429e-03
9.660000000000000e+00	9.490379e-03
9.670000000000002e+00	9.500329e-03
9.680000000000000e+00	9.510280e-03
9.690000000000001e+00	9.520230e-03
9.699999999999999e+00	9.530181e-03
9.710000000000001e+00	9.540131e-03
9.719999999999999e+00	9.550082e-03
9.730000000000000e+00	9.560032e-03
9.740000000000002e+00	9.569983e-03
9.750000000000000e+00	9.579933e-03
9.760000000000002e+00	9.589883e-03
9.770000000000000e+00	9.599835e-03
9.780000000000001e+00	9.609785e-03
9.789999999999999e+00	9.619736e-03
9.800000000000001e+00	9.629686e-03
9.809999999999999e+00	9.639638e-03
9.820000000000000e+00	9.649589e-03
9.830000000000002e+00	9.659539e-03
9.840000000000000e+00	9.669490e-03
9.850000000000001e+00	9.679441e-03
9.859999999999999e+00	9.689393e-03
9.870000000000001e+00	9.699343e-03
9.879999999999999e+00	9.709294e-03
9.890000000000001e+00	9.719245e-03
9.900000000000002e+00	9.729196e-03
9.910000000000000e+00	9.739147e-03
9.920000000000002e+00	9.749099e-03
9.930000000000000e+00	9.759050e-03
9.940000000000001e+00	9.769002e-03
9.949999999999999e+00	9.778953e-03
9.960000000000001e+00	9.788904e-03
9.969999999999999e+00	9.798856e-03
9.980000000000000e+00	9.808808e-03
9.990000000000002e+00	9.818759e-03
1.000000000000000e+01	9.828710e-03
