V1	I(D1)
-1.000000000000000e+02	-5.664336e-02
-9.990000000000001e+01	-5.654817e-02
-9.980000000000000e+01	-5.645298e-02
-9.970000000000000e+01	-5.635779e-02
-9.959999999999999e+01	-5.626259e-02
-9.950000000000000e+01	-5.616741e-02
-9.940000000000001e+01	-5.607221e-02
-9.930000000000000e+01	-5.597702e-02
-9.920000000000000e+01	-5.588183e-02
-9.909999999999999e+01	-5.578664e-02
-9.900000000000000e+01	-5.569145e-02
-9.890000000000001e+01	-5.559626e-02
-9.880000000000000e+01	-5.550107e-02
-9.870000000000000e+01	-5.540588e-02
-9.859999999999999e+01	-5.531069e-02
-9.850000000000000e+01	-5.521550e-02
-9.840000000000001e+01	-5.512030e-02
-9.830000000000000e+01	-5.502512e-02
-9.820000000000000e+01	-5.492992e-02
-9.809999999999999e+01	-5.483473e-02
-9.800000000000000e+01	-5.473954e-02
-9.790000000000001e+01	-5.464435e-02
-9.780000000000000e+01	-5.454916e-02
-9.770000000000000e+01	-5.445397e-02
-9.759999999999999e+01	-5.435878e-02
-9.750000000000000e+01	-5.426359e-02
-9.740000000000001e+01	-5.416840e-02
-9.730000000000000e+01	-5.407321e-02
-9.720000000000000e+01	-5.397802e-02
-9.709999999999999e+01	-5.388283e-02
-9.700000000000000e+01	-5.378764e-02
-9.690000000000001e+01	-5.369246e-02
-9.680000000000000e+01	-5.359727e-02
-9.670000000000000e+01	-5.350208e-02
-9.659999999999999e+01	-5.340689e-02
-9.650000000000000e+01	-5.331170e-02
-9.640000000000001e+01	-5.321651e-02
-9.630000000000000e+01	-5.312132e-02
-9.620000000000000e+01	-5.302613e-02
-9.609999999999999e+01	-5.293094e-02
-9.600000000000000e+01	-5.283576e-02
-9.590000000000001e+01	-5.274057e-02
-9.580000000000000e+01	-5.264538e-02
-9.570000000000000e+01	-5.255019e-02
-9.559999999999999e+01	-5.245500e-02
-9.550000000000000e+01	-5.235981e-02
-9.540000000000001e+01	-5.226462e-02
-9.530000000000000e+01	-5.216943e-02
-9.520000000000000e+01	-5.207425e-02
-9.509999999999999e+01	-5.197906e-02
-9.500000000000000e+01	-5.188387e-02
-9.490000000000001e+01	-5.178868e-02
-9.480000000000000e+01	-5.169350e-02
-9.470000000000000e+01	-5.159831e-02
-9.459999999999999e+01	-5.150312e-02
-9.450000000000000e+01	-5.140793e-02
-9.440000000000001e+01	-5.131275e-02
-9.430000000000000e+01	-5.121756e-02
-9.420000000000000e+01	-5.112237e-02
-9.409999999999999e+01	-5.102719e-02
-9.400000000000000e+01	-5.093200e-02
-9.390000000000001e+01	-5.083681e-02
-9.380000000000000e+01	-5.074162e-02
-9.370000000000000e+01	-5.064644e-02
-9.359999999999999e+01	-5.055125e-02
-9.350000000000000e+01	-5.045607e-02
-9.340000000000001e+01	-5.036088e-02
-9.330000000000000e+01	-5.026569e-02
-9.320000000000000e+01	-5.017050e-02
-9.309999999999999e+01	-5.007532e-02
-9.300000000000000e+01	-4.998013e-02
-9.290000000000001e+01	-4.988495e-02
-9.280000000000000e+01	-4.978976e-02
-9.270000000000000e+01	-4.969458e-02
-9.259999999999999e+01	-4.959939e-02
-9.250000000000000e+01	-4.950420e-02
-9.240000000000001e+01	-4.940902e-02
-9.230000000000000e+01	-4.931383e-02
-9.220000000000000e+01	-4.921865e-02
-9.209999999999999e+01	-4.912346e-02
-9.200000000000000e+01	-4.902828e-02
-9.190000000000001e+01	-4.893309e-02
-9.180000000000000e+01	-4.883790e-02
-9.170000000000000e+01	-4.874272e-02
-9.159999999999999e+01	-4.864753e-02
-9.150000000000000e+01	-4.855235e-02
-9.140000000000001e+01	-4.845717e-02
-9.130000000000000e+01	-4.836198e-02
-9.120000000000000e+01	-4.826680e-02
-9.109999999999999e+01	-4.817161e-02
-9.100000000000000e+01	-4.807643e-02
-9.090000000000001e+01	-4.798124e-02
-9.080000000000000e+01	-4.788606e-02
-9.070000000000000e+01	-4.779088e-02
-9.059999999999999e+01	-4.769569e-02
-9.050000000000000e+01	-4.760051e-02
-9.040000000000001e+01	-4.750532e-02
-9.030000000000000e+01	-4.741014e-02
-9.020000000000000e+01	-4.731496e-02
-9.009999999999999e+01	-4.721978e-02
-9.000000000000000e+01	-4.712459e-02
-8.990000000000001e+01	-4.702941e-02
-8.980000000000000e+01	-4.693422e-02
-8.970000000000000e+01	-4.683904e-02
-8.959999999999999e+01	-4.674386e-02
-8.950000000000000e+01	-4.664868e-02
-8.940000000000001e+01	-4.655349e-02
-8.930000000000000e+01	-4.645831e-02
-8.920000000000000e+01	-4.636313e-02
-8.909999999999999e+01	-4.626795e-02
-8.900000000000000e+01	-4.617276e-02
-8.890000000000001e+01	-4.607758e-02
-8.880000000000000e+01	-4.598240e-02
-8.870000000000000e+01	-4.588722e-02
-8.859999999999999e+01	-4.579204e-02
-8.850000000000000e+01	-4.569685e-02
-8.840000000000001e+01	-4.560167e-02
-8.830000000000000e+01	-4.550649e-02
-8.820000000000000e+01	-4.541131e-02
-8.809999999999999e+01	-4.531613e-02
-8.800000000000000e+01	-4.522095e-02
-8.790000000000001e+01	-4.512576e-02
-8.780000000000000e+01	-4.503058e-02
-8.770000000000000e+01	-4.493540e-02
-8.759999999999999e+01	-4.484022e-02
-8.750000000000000e+01	-4.474504e-02
-8.740000000000001e+01	-4.464986e-02
-8.730000000000000e+01	-4.455468e-02
-8.720000000000000e+01	-4.445950e-02
-8.709999999999999e+01	-4.436432e-02
-8.700000000000000e+01	-4.426914e-02
-8.690000000000001e+01	-4.417396e-02
-8.680000000000000e+01	-4.407878e-02
-8.670000000000000e+01	-4.398360e-02
-8.659999999999999e+01	-4.388842e-02
-8.650000000000000e+01	-4.379324e-02
-8.640000000000001e+01	-4.369806e-02
-8.630000000000000e+01	-4.360288e-02
-8.620000000000000e+01	-4.350770e-02
-8.609999999999999e+01	-4.341253e-02
-8.600000000000000e+01	-4.331734e-02
-8.590000000000001e+01	-4.322217e-02
-8.580000000000000e+01	-4.312699e-02
-8.570000000000000e+01	-4.303181e-02
-8.559999999999999e+01	-4.293663e-02
-8.550000000000000e+01	-4.284145e-02
-8.540000000000001e+01	-4.274627e-02
-8.530000000000000e+01	-4.265109e-02
-8.520000000000000e+01	-4.255592e-02
-8.509999999999999e+01	-4.246074e-02
-8.500000000000000e+01	-4.236556e-02
-8.490000000000001e+01	-4.227038e-02
-8.480000000000000e+01	-4.217521e-02
-8.470000000000000e+01	-4.208003e-02
-8.459999999999999e+01	-4.198485e-02
-8.450000000000000e+01	-4.188967e-02
-8.440000000000001e+01	-4.179450e-02
-8.430000000000000e+01	-4.169932e-02
-8.420000000000000e+01	-4.160414e-02
-8.409999999999999e+01	-4.150897e-02
-8.400000000000000e+01	-4.141379e-02
-8.390000000000001e+01	-4.131861e-02
-8.380000000000000e+01	-4.122344e-02
-8.370000000000000e+01	-4.112826e-02
-8.359999999999999e+01	-4.103309e-02
-8.350000000000000e+01	-4.093791e-02
-8.340000000000001e+01	-4.084273e-02
-8.330000000000000e+01	-4.074756e-02
-8.320000000000000e+01	-4.065238e-02
-8.309999999999999e+01	-4.055721e-02
-8.300000000000000e+01	-4.046204e-02
-8.290000000000001e+01	-4.036686e-02
-8.280000000000000e+01	-4.027168e-02
-8.270000000000000e+01	-4.017651e-02
-8.259999999999999e+01	-4.008133e-02
-8.250000000000000e+01	-3.998616e-02
-8.240000000000001e+01	-3.989099e-02
-8.230000000000000e+01	-3.979581e-02
-8.220000000000000e+01	-3.970064e-02
-8.209999999999999e+01	-3.960546e-02
-8.200000000000000e+01	-3.951029e-02
-8.190000000000001e+01	-3.941512e-02
-8.180000000000000e+01	-3.931994e-02
-8.170000000000000e+01	-3.922477e-02
-8.159999999999999e+01	-3.912960e-02
-8.150000000000000e+01	-3.903442e-02
-8.140000000000001e+01	-3.893925e-02
-8.130000000000000e+01	-3.884408e-02
-8.120000000000000e+01	-3.874891e-02
-8.109999999999999e+01	-3.865373e-02
-8.100000000000000e+01	-3.855856e-02
-8.090000000000001e+01	-3.846339e-02
-8.080000000000000e+01	-3.836822e-02
-8.070000000000000e+01	-3.827304e-02
-8.059999999999999e+01	-3.817787e-02
-8.050000000000000e+01	-3.808270e-02
-8.040000000000001e+01	-3.798753e-02
-8.030000000000000e+01	-3.789236e-02
-8.020000000000000e+01	-3.779719e-02
-8.009999999999999e+01	-3.770202e-02
-8.000000000000000e+01	-3.760685e-02
-7.990000000000001e+01	-3.751168e-02
-7.980000000000000e+01	-3.741650e-02
-7.970000000000000e+01	-3.732133e-02
-7.959999999999999e+01	-3.722616e-02
-7.950000000000000e+01	-3.713099e-02
-7.940000000000001e+01	-3.703582e-02
-7.930000000000000e+01	-3.694066e-02
-7.920000000000000e+01	-3.684549e-02
-7.909999999999999e+01	-3.675032e-02
-7.900000000000000e+01	-3.665515e-02
-7.890000000000001e+01	-3.655998e-02
-7.880000000000000e+01	-3.646481e-02
-7.870000000000000e+01	-3.636964e-02
-7.859999999999999e+01	-3.627447e-02
-7.850000000000000e+01	-3.617930e-02
-7.840000000000001e+01	-3.608413e-02
-7.830000000000000e+01	-3.598897e-02
-7.820000000000000e+01	-3.589380e-02
-7.809999999999999e+01	-3.579863e-02
-7.800000000000000e+01	-3.570347e-02
-7.790000000000001e+01	-3.560830e-02
-7.780000000000000e+01	-3.551313e-02
-7.770000000000000e+01	-3.541796e-02
-7.759999999999999e+01	-3.532280e-02
-7.750000000000000e+01	-3.522763e-02
-7.740000000000001e+01	-3.513246e-02
-7.730000000000000e+01	-3.503730e-02
-7.720000000000000e+01	-3.494213e-02
-7.709999999999999e+01	-3.484697e-02
-7.700000000000000e+01	-3.475180e-02
-7.690000000000001e+01	-3.465663e-02
-7.680000000000000e+01	-3.456147e-02
-7.670000000000000e+01	-3.446630e-02
-7.659999999999999e+01	-3.437114e-02
-7.650000000000000e+01	-3.427598e-02
-7.640000000000001e+01	-3.418081e-02
-7.630000000000000e+01	-3.408565e-02
-7.620000000000000e+01	-3.399048e-02
-7.609999999999999e+01	-3.389532e-02
-7.600000000000000e+01	-3.380015e-02
-7.590000000000001e+01	-3.370499e-02
-7.580000000000000e+01	-3.360983e-02
-7.570000000000000e+01	-3.351466e-02
-7.559999999999999e+01	-3.341950e-02
-7.550000000000000e+01	-3.332434e-02
-7.540000000000001e+01	-3.322918e-02
-7.530000000000000e+01	-3.313401e-02
-7.520000000000000e+01	-3.303885e-02
-7.509999999999999e+01	-3.294369e-02
-7.500000000000000e+01	-3.284853e-02
-7.490000000000001e+01	-3.275337e-02
-7.480000000000000e+01	-3.265820e-02
-7.470000000000000e+01	-3.256304e-02
-7.459999999999999e+01	-3.246788e-02
-7.450000000000000e+01	-3.237272e-02
-7.440000000000001e+01	-3.227756e-02
-7.430000000000000e+01	-3.218240e-02
-7.420000000000000e+01	-3.208724e-02
-7.409999999999999e+01	-3.199208e-02
-7.400000000000000e+01	-3.189692e-02
-7.390000000000001e+01	-3.180176e-02
-7.380000000000000e+01	-3.170660e-02
-7.370000000000000e+01	-3.161144e-02
-7.359999999999999e+01	-3.151628e-02
-7.350000000000000e+01	-3.142112e-02
-7.340000000000001e+01	-3.132597e-02
-7.330000000000000e+01	-3.123081e-02
-7.320000000000000e+01	-3.113565e-02
-7.309999999999999e+01	-3.104049e-02
-7.300000000000000e+01	-3.094534e-02
-7.290000000000001e+01	-3.085018e-02
-7.280000000000000e+01	-3.075502e-02
-7.270000000000000e+01	-3.065987e-02
-7.259999999999999e+01	-3.056471e-02
-7.250000000000000e+01	-3.046955e-02
-7.240000000000001e+01	-3.037440e-02
-7.230000000000000e+01	-3.027924e-02
-7.220000000000000e+01	-3.018409e-02
-7.209999999999999e+01	-3.008893e-02
-7.200000000000000e+01	-2.999378e-02
-7.190000000000001e+01	-2.989862e-02
-7.180000000000000e+01	-2.980347e-02
-7.170000000000000e+01	-2.970831e-02
-7.159999999999999e+01	-2.961316e-02
-7.150000000000000e+01	-2.951800e-02
-7.140000000000001e+01	-2.942285e-02
-7.130000000000000e+01	-2.932770e-02
-7.120000000000000e+01	-2.923254e-02
-7.109999999999999e+01	-2.913739e-02
-7.100000000000000e+01	-2.904224e-02
-7.090000000000001e+01	-2.894709e-02
-7.080000000000000e+01	-2.885194e-02
-7.070000000000000e+01	-2.875678e-02
-7.059999999999999e+01	-2.866163e-02
-7.050000000000000e+01	-2.856648e-02
-7.040000000000001e+01	-2.847133e-02
-7.030000000000000e+01	-2.837618e-02
-7.020000000000000e+01	-2.828103e-02
-7.009999999999999e+01	-2.818588e-02
-7.000000000000000e+01	-2.809073e-02
-6.990000000000001e+01	-2.799558e-02
-6.980000000000000e+01	-2.790043e-02
-6.970000000000000e+01	-2.780528e-02
-6.959999999999999e+01	-2.771013e-02
-6.950000000000000e+01	-2.761498e-02
-6.940000000000001e+01	-2.751984e-02
-6.930000000000000e+01	-2.742469e-02
-6.920000000000000e+01	-2.732954e-02
-6.909999999999999e+01	-2.723440e-02
-6.900000000000000e+01	-2.713925e-02
-6.890000000000001e+01	-2.704410e-02
-6.880000000000000e+01	-2.694895e-02
-6.870000000000000e+01	-2.685381e-02
-6.859999999999999e+01	-2.675866e-02
-6.850000000000000e+01	-2.666352e-02
-6.840000000000001e+01	-2.656837e-02
-6.830000000000000e+01	-2.647323e-02
-6.820000000000000e+01	-2.637808e-02
-6.809999999999999e+01	-2.628294e-02
-6.800000000000000e+01	-2.618780e-02
-6.790000000000001e+01	-2.609265e-02
-6.780000000000000e+01	-2.599751e-02
-6.769999999999999e+01	-2.590237e-02
-6.759999999999999e+01	-2.580723e-02
-6.750000000000000e+01	-2.571208e-02
-6.740000000000001e+01	-2.561694e-02
-6.730000000000000e+01	-2.552180e-02
-6.719999999999999e+01	-2.542666e-02
-6.709999999999999e+01	-2.533152e-02
-6.700000000000000e+01	-2.523638e-02
-6.690000000000001e+01	-2.514124e-02
-6.680000000000000e+01	-2.504610e-02
-6.669999999999999e+01	-2.495096e-02
-6.659999999999999e+01	-2.485582e-02
-6.650000000000000e+01	-2.476068e-02
-6.640000000000001e+01	-2.466554e-02
-6.630000000000000e+01	-2.457041e-02
-6.619999999999999e+01	-2.447527e-02
-6.609999999999999e+01	-2.438013e-02
-6.600000000000000e+01	-2.428499e-02
-6.590000000000001e+01	-2.418986e-02
-6.580000000000000e+01	-2.409472e-02
-6.569999999999999e+01	-2.399959e-02
-6.559999999999999e+01	-2.390445e-02
-6.550000000000000e+01	-2.380932e-02
-6.540000000000001e+01	-2.371418e-02
-6.530000000000000e+01	-2.361905e-02
-6.519999999999999e+01	-2.352392e-02
-6.509999999999999e+01	-2.342878e-02
-6.500000000000000e+01	-2.333365e-02
-6.490000000000001e+01	-2.323852e-02
-6.480000000000000e+01	-2.314338e-02
-6.469999999999999e+01	-2.304825e-02
-6.459999999999999e+01	-2.295312e-02
-6.450000000000000e+01	-2.285799e-02
-6.440000000000001e+01	-2.276286e-02
-6.430000000000000e+01	-2.266773e-02
-6.419999999999999e+01	-2.257260e-02
-6.409999999999999e+01	-2.247747e-02
-6.400000000000000e+01	-2.238234e-02
-6.390000000000000e+01	-2.228722e-02
-6.380000000000000e+01	-2.219209e-02
-6.370000000000000e+01	-2.209696e-02
-6.360000000000000e+01	-2.200183e-02
-6.350000000000000e+01	-2.190671e-02
-6.340000000000000e+01	-2.181158e-02
-6.330000000000000e+01	-2.171646e-02
-6.320000000000000e+01	-2.162133e-02
-6.310000000000000e+01	-2.152621e-02
-6.300000000000000e+01	-2.143108e-02
-6.290000000000000e+01	-2.133596e-02
-6.280000000000000e+01	-2.124084e-02
-6.270000000000000e+01	-2.114571e-02
-6.260000000000000e+01	-2.105059e-02
-6.250000000000000e+01	-2.095547e-02
-6.240000000000000e+01	-2.086035e-02
-6.230000000000000e+01	-2.076523e-02
-6.220000000000000e+01	-2.067011e-02
-6.210000000000000e+01	-2.057499e-02
-6.200000000000000e+01	-2.047987e-02
-6.190000000000000e+01	-2.038475e-02
-6.180000000000000e+01	-2.028964e-02
-6.170000000000000e+01	-2.019452e-02
-6.159999999999999e+01	-2.009940e-02
-6.150000000000000e+01	-2.000429e-02
-6.140000000000000e+01	-1.990917e-02
-6.130000000000000e+01	-1.981406e-02
-6.120000000000000e+01	-1.971894e-02
-6.109999999999999e+01	-1.962383e-02
-6.100000000000000e+01	-1.952871e-02
-6.090000000000000e+01	-1.943360e-02
-6.080000000000000e+01	-1.933849e-02
-6.070000000000000e+01	-1.924338e-02
-6.059999999999999e+01	-1.914827e-02
-6.050000000000000e+01	-1.905316e-02
-6.040000000000000e+01	-1.895805e-02
-6.030000000000000e+01	-1.886294e-02
-6.020000000000000e+01	-1.876783e-02
-6.009999999999999e+01	-1.867272e-02
-6.000000000000000e+01	-1.857761e-02
-5.990000000000000e+01	-1.848251e-02
-5.980000000000000e+01	-1.838740e-02
-5.970000000000000e+01	-1.829229e-02
-5.959999999999999e+01	-1.819719e-02
-5.950000000000000e+01	-1.810209e-02
-5.940000000000000e+01	-1.800698e-02
-5.930000000000000e+01	-1.791188e-02
-5.920000000000000e+01	-1.781678e-02
-5.909999999999999e+01	-1.772168e-02
-5.900000000000000e+01	-1.762658e-02
-5.890000000000000e+01	-1.753148e-02
-5.880000000000000e+01	-1.743638e-02
-5.870000000000000e+01	-1.734128e-02
-5.859999999999999e+01	-1.724618e-02
-5.850000000000000e+01	-1.715109e-02
-5.840000000000000e+01	-1.705599e-02
-5.830000000000000e+01	-1.696089e-02
-5.820000000000000e+01	-1.686580e-02
-5.809999999999999e+01	-1.677071e-02
-5.800000000000000e+01	-1.667561e-02
-5.790000000000000e+01	-1.658052e-02
-5.780000000000000e+01	-1.648543e-02
-5.770000000000000e+01	-1.639034e-02
-5.759999999999999e+01	-1.629525e-02
-5.750000000000000e+01	-1.620016e-02
-5.740000000000000e+01	-1.610507e-02
-5.730000000000000e+01	-1.600998e-02
-5.720000000000000e+01	-1.591490e-02
-5.709999999999999e+01	-1.581981e-02
-5.700000000000000e+01	-1.572473e-02
-5.690000000000000e+01	-1.562965e-02
-5.680000000000000e+01	-1.553456e-02
-5.670000000000000e+01	-1.543948e-02
-5.659999999999999e+01	-1.534440e-02
-5.650000000000000e+01	-1.524932e-02
-5.640000000000000e+01	-1.515424e-02
-5.630000000000000e+01	-1.505916e-02
-5.620000000000000e+01	-1.496409e-02
-5.609999999999999e+01	-1.486901e-02
-5.600000000000000e+01	-1.477394e-02
-5.590000000000000e+01	-1.467886e-02
-5.580000000000000e+01	-1.458379e-02
-5.570000000000000e+01	-1.448872e-02
-5.559999999999999e+01	-1.439365e-02
-5.550000000000000e+01	-1.429858e-02
-5.540000000000000e+01	-1.420351e-02
-5.530000000000000e+01	-1.410844e-02
-5.520000000000000e+01	-1.401337e-02
-5.509999999999999e+01	-1.391831e-02
-5.500000000000000e+01	-1.382324e-02
-5.490000000000000e+01	-1.372818e-02
-5.480000000000000e+01	-1.363312e-02
-5.470000000000000e+01	-1.353806e-02
-5.459999999999999e+01	-1.344300e-02
-5.450000000000000e+01	-1.334794e-02
-5.440000000000000e+01	-1.325288e-02
-5.430000000000000e+01	-1.315783e-02
-5.420000000000000e+01	-1.306277e-02
-5.409999999999999e+01	-1.296772e-02
-5.400000000000000e+01	-1.287267e-02
-5.390000000000000e+01	-1.277762e-02
-5.380000000000000e+01	-1.268257e-02
-5.370000000000000e+01	-1.258752e-02
-5.359999999999999e+01	-1.249248e-02
-5.350000000000000e+01	-1.239743e-02
-5.340000000000000e+01	-1.230239e-02
-5.330000000000000e+01	-1.220734e-02
-5.320000000000000e+01	-1.211230e-02
-5.309999999999999e+01	-1.201726e-02
-5.300000000000000e+01	-1.192223e-02
-5.290000000000000e+01	-1.182719e-02
-5.280000000000000e+01	-1.173216e-02
-5.270000000000000e+01	-1.163713e-02
-5.259999999999999e+01	-1.154209e-02
-5.250000000000000e+01	-1.144706e-02
-5.240000000000000e+01	-1.135204e-02
-5.230000000000000e+01	-1.125701e-02
-5.220000000000000e+01	-1.116199e-02
-5.209999999999999e+01	-1.106696e-02
-5.200000000000000e+01	-1.097194e-02
-5.190000000000000e+01	-1.087692e-02
-5.180000000000000e+01	-1.078191e-02
-5.170000000000000e+01	-1.068689e-02
-5.159999999999999e+01	-1.059188e-02
-5.150000000000000e+01	-1.049687e-02
-5.140000000000000e+01	-1.040186e-02
-5.130000000000000e+01	-1.030685e-02
-5.120000000000000e+01	-1.021185e-02
-5.109999999999999e+01	-1.011685e-02
-5.100000000000000e+01	-1.002184e-02
-5.090000000000000e+01	-9.926846e-03
-5.080000000000000e+01	-9.831850e-03
-5.070000000000000e+01	-9.736856e-03
-5.059999999999999e+01	-9.641864e-03
-5.050000000000000e+01	-9.546876e-03
-5.040000000000000e+01	-9.451889e-03
-5.030000000000000e+01	-9.356905e-03
-5.020000000000000e+01	-9.261923e-03
-5.009999999999999e+01	-9.166944e-03
-5.000000000000000e+01	-9.071968e-03
-4.990000000000000e+01	-8.976994e-03
-4.980000000000000e+01	-8.882022e-03
-4.970000000000000e+01	-8.787055e-03
-4.959999999999999e+01	-8.692089e-03
-4.950000000000000e+01	-8.597127e-03
-4.940000000000000e+01	-8.502168e-03
-4.930000000000000e+01	-8.407211e-03
-4.920000000000000e+01	-8.312258e-03
-4.909999999999999e+01	-8.217308e-03
-4.900000000000000e+01	-8.122361e-03
-4.890000000000000e+01	-8.027418e-03
-4.880000000000000e+01	-7.932478e-03
-4.870000000000000e+01	-7.837541e-03
-4.859999999999999e+01	-7.742609e-03
-4.850000000000000e+01	-7.647680e-03
-4.840000000000000e+01	-7.552754e-03
-4.830000000000000e+01	-7.457833e-03
-4.820000000000000e+01	-7.362916e-03
-4.809999999999999e+01	-7.268002e-03
-4.800000000000000e+01	-7.173093e-03
-4.790000000000000e+01	-7.078188e-03
-4.780000000000000e+01	-6.983288e-03
-4.770000000000000e+01	-6.888391e-03
-4.759999999999999e+01	-6.793500e-03
-4.750000000000000e+01	-6.698614e-03
-4.740000000000000e+01	-6.603732e-03
-4.730000000000000e+01	-6.508856e-03
-4.720000000000000e+01	-6.413985e-03
-4.709999999999999e+01	-6.319119e-03
-4.700000000000000e+01	-6.224258e-03
-4.690000000000000e+01	-6.129404e-03
-4.680000000000000e+01	-6.034555e-03
-4.670000000000000e+01	-5.939712e-03
-4.659999999999999e+01	-5.844876e-03
-4.650000000000000e+01	-5.750046e-03
-4.640000000000000e+01	-5.655222e-03
-4.630000000000000e+01	-5.560406e-03
-4.620000000000000e+01	-5.465596e-03
-4.609999999999999e+01	-5.370794e-03
-4.600000000000000e+01	-5.276000e-03
-4.590000000000000e+01	-5.181214e-03
-4.580000000000000e+01	-5.086436e-03
-4.570000000000000e+01	-4.991666e-03
-4.559999999999999e+01	-4.896905e-03
-4.550000000000000e+01	-4.802154e-03
-4.540000000000000e+01	-4.707412e-03
-4.530000000000000e+01	-4.612680e-03
-4.520000000000000e+01	-4.517958e-03
-4.509999999999999e+01	-4.423247e-03
-4.500000000000000e+01	-4.328547e-03
-4.490000000000000e+01	-4.233859e-03
-4.480000000000000e+01	-4.139183e-03
-4.470000000000000e+01	-4.044520e-03
-4.459999999999999e+01	-3.949871e-03
-4.450000000000000e+01	-3.855235e-03
-4.440000000000000e+01	-3.760614e-03
-4.430000000000000e+01	-3.666009e-03
-4.420000000000000e+01	-3.571420e-03
-4.409999999999999e+01	-3.476849e-03
-4.400000000000000e+01	-3.382295e-03
-4.390000000000000e+01	-3.287761e-03
-4.380000000000000e+01	-3.193246e-03
-4.370000000000000e+01	-3.098754e-03
-4.359999999999999e+01	-3.004283e-03
-4.350000000000000e+01	-2.909838e-03
-4.340000000000000e+01	-2.815417e-03
-4.330000000000000e+01	-2.721025e-03
-4.320000000000000e+01	-2.626662e-03
-4.309999999999999e+01	-2.532330e-03
-4.300000000000000e+01	-2.438032e-03
-4.290000000000000e+01	-2.343771e-03
-4.280000000000000e+01	-2.249549e-03
-4.270000000000000e+01	-2.155370e-03
-4.259999999999999e+01	-2.061238e-03
-4.250000000000000e+01	-1.967157e-03
-4.240000000000000e+01	-1.873131e-03
-4.230000000000000e+01	-1.779166e-03
-4.220000000000000e+01	-1.685270e-03
-4.209999999999999e+01	-1.591449e-03
-4.200000000000000e+01	-1.497713e-03
-4.190000000000000e+01	-1.404071e-03
-4.180000000000000e+01	-1.310538e-03
-4.170000000000000e+01	-1.217128e-03
-4.159999999999999e+01	-1.123861e-03
-4.150000000000000e+01	-1.030761e-03
-4.140000000000000e+01	-9.378575e-04
-4.130000000000000e+01	-8.451907e-04
-4.120000000000000e+01	-7.528131e-04
-4.109999999999999e+01	-6.607967e-04
-4.100000000000000e+01	-5.692437e-04
-4.090000000000000e+01	-4.783061e-04
-4.080000000000000e+01	-3.882223e-04
-4.070000000000000e+01	-2.993968e-04
-4.059999999999999e+01	-2.125901e-04
-4.050000000000000e+01	-1.297150e-04
-4.040000000000000e+01	-5.565655e-05
-4.030000000000000e+01	-8.952971e-06
-4.020000000000000e+01	-1.591502e-06
-4.009999999999999e+01	-1.382054e-06
-4.000000000000000e+01	-1.377865e-06
-3.990000000000000e+01	-1.377772e-06
-3.980000000000000e+01	-1.377770e-06
-3.970000000000000e+01	-1.377770e-06
-3.959999999999999e+01	-1.377770e-06
-3.950000000000000e+01	-1.377770e-06
-3.940000000000000e+01	-1.377769e-06
-3.930000000000000e+01	-1.377769e-06
-3.920000000000000e+01	-1.377769e-06
-3.909999999999999e+01	-1.377769e-06
-3.900000000000000e+01	-1.377769e-06
-3.890000000000000e+01	-1.377769e-06
-3.880000000000000e+01	-1.377769e-06
-3.870000000000000e+01	-1.377769e-06
-3.859999999999999e+01	-1.377769e-06
-3.850000000000000e+01	-1.377769e-06
-3.840000000000000e+01	-1.377768e-06
-3.830000000000000e+01	-1.377768e-06
-3.820000000000000e+01	-1.377768e-06
-3.809999999999999e+01	-1.377768e-06
-3.800000000000000e+01	-1.377768e-06
-3.790000000000000e+01	-1.377768e-06
-3.780000000000000e+01	-1.377768e-06
-3.770000000000000e+01	-1.377768e-06
-3.759999999999999e+01	-1.377768e-06
-3.750000000000000e+01	-1.377767e-06
-3.740000000000000e+01	-1.377767e-06
-3.730000000000000e+01	-1.377767e-06
-3.720000000000000e+01	-1.377767e-06
-3.709999999999999e+01	-1.377767e-06
-3.700000000000000e+01	-1.377767e-06
-3.690000000000000e+01	-1.377767e-06
-3.680000000000000e+01	-1.377767e-06
-3.670000000000000e+01	-1.377767e-06
-3.659999999999999e+01	-1.377767e-06
-3.650000000000000e+01	-1.377766e-06
-3.640000000000000e+01	-1.377766e-06
-3.630000000000000e+01	-1.377766e-06
-3.620000000000000e+01	-1.377766e-06
-3.609999999999999e+01	-1.377766e-06
-3.600000000000000e+01	-1.377766e-06
-3.589999999999999e+01	-1.377766e-06
-3.580000000000000e+01	-1.377766e-06
-3.570000000000000e+01	-1.377766e-06
-3.559999999999999e+01	-1.377766e-06
-3.550000000000000e+01	-1.377765e-06
-3.539999999999999e+01	-1.377765e-06
-3.530000000000000e+01	-1.377765e-06
-3.520000000000000e+01	-1.377765e-06
-3.509999999999999e+01	-1.377765e-06
-3.500000000000000e+01	-1.377765e-06
-3.489999999999999e+01	-1.377765e-06
-3.480000000000000e+01	-1.377765e-06
-3.470000000000000e+01	-1.377765e-06
-3.459999999999999e+01	-1.377765e-06
-3.450000000000000e+01	-1.377765e-06
-3.439999999999999e+01	-1.377764e-06
-3.430000000000000e+01	-1.377764e-06
-3.420000000000000e+01	-1.377764e-06
-3.409999999999999e+01	-1.377764e-06
-3.400000000000000e+01	-1.377764e-06
-3.389999999999999e+01	-1.377764e-06
-3.380000000000000e+01	-1.377764e-06
-3.370000000000000e+01	-1.377764e-06
-3.359999999999999e+01	-1.377764e-06
-3.350000000000000e+01	-1.377764e-06
-3.339999999999999e+01	-1.377763e-06
-3.330000000000000e+01	-1.377763e-06
-3.320000000000000e+01	-1.377763e-06
-3.309999999999999e+01	-1.377763e-06
-3.300000000000000e+01	-1.377763e-06
-3.289999999999999e+01	-1.377763e-06
-3.280000000000000e+01	-1.377763e-06
-3.270000000000000e+01	-1.377763e-06
-3.259999999999999e+01	-1.377763e-06
-3.250000000000000e+01	-1.377762e-06
-3.239999999999999e+01	-1.377762e-06
-3.230000000000000e+01	-1.377762e-06
-3.220000000000000e+01	-1.377762e-06
-3.209999999999999e+01	-1.377762e-06
-3.200000000000000e+01	-1.377762e-06
-3.189999999999999e+01	-1.377762e-06
-3.180000000000000e+01	-1.377762e-06
-3.170000000000000e+01	-1.377762e-06
-3.159999999999999e+01	-1.377762e-06
-3.150000000000000e+01	-1.377761e-06
-3.139999999999999e+01	-1.377761e-06
-3.130000000000000e+01	-1.377761e-06
-3.120000000000000e+01	-1.377761e-06
-3.109999999999999e+01	-1.377761e-06
-3.100000000000000e+01	-1.377761e-06
-3.089999999999999e+01	-1.377761e-06
-3.080000000000000e+01	-1.377761e-06
-3.070000000000000e+01	-1.377761e-06
-3.059999999999999e+01	-1.377761e-06
-3.050000000000000e+01	-1.377761e-06
-3.039999999999999e+01	-1.377760e-06
-3.030000000000000e+01	-1.377760e-06
-3.020000000000000e+01	-1.377760e-06
-3.009999999999999e+01	-1.377760e-06
-3.000000000000000e+01	-1.377760e-06
-2.989999999999999e+01	-1.377760e-06
-2.980000000000000e+01	-1.377760e-06
-2.970000000000000e+01	-1.377760e-06
-2.959999999999999e+01	-1.377760e-06
-2.950000000000000e+01	-1.377760e-06
-2.939999999999999e+01	-1.377759e-06
-2.930000000000000e+01	-1.377759e-06
-2.920000000000000e+01	-1.377759e-06
-2.909999999999999e+01	-1.377759e-06
-2.900000000000000e+01	-1.377759e-06
-2.889999999999999e+01	-1.377759e-06
-2.880000000000000e+01	-1.377759e-06
-2.870000000000000e+01	-1.377759e-06
-2.859999999999999e+01	-1.377759e-06
-2.850000000000000e+01	-1.377759e-06
-2.839999999999999e+01	-1.377758e-06
-2.830000000000000e+01	-1.377758e-06
-2.820000000000000e+01	-1.377758e-06
-2.809999999999999e+01	-1.377758e-06
-2.800000000000000e+01	-1.377758e-06
-2.789999999999999e+01	-1.377758e-06
-2.780000000000000e+01	-1.377758e-06
-2.770000000000000e+01	-1.377758e-06
-2.759999999999999e+01	-1.377758e-06
-2.750000000000000e+01	-1.377757e-06
-2.739999999999999e+01	-1.377757e-06
-2.730000000000000e+01	-1.377757e-06
-2.720000000000000e+01	-1.377757e-06
-2.709999999999999e+01	-1.377757e-06
-2.700000000000000e+01	-1.377757e-06
-2.689999999999999e+01	-1.377757e-06
-2.680000000000000e+01	-1.377757e-06
-2.670000000000000e+01	-1.377757e-06
-2.659999999999999e+01	-1.377757e-06
-2.650000000000000e+01	-1.377756e-06
-2.639999999999999e+01	-1.377756e-06
-2.630000000000000e+01	-1.377756e-06
-2.620000000000000e+01	-1.377756e-06
-2.609999999999999e+01	-1.377756e-06
-2.600000000000000e+01	-1.377756e-06
-2.589999999999999e+01	-1.377756e-06
-2.580000000000000e+01	-1.377756e-06
-2.570000000000000e+01	-1.377756e-06
-2.559999999999999e+01	-1.377756e-06
-2.550000000000000e+01	-1.377756e-06
-2.539999999999999e+01	-1.377755e-06
-2.530000000000000e+01	-1.377755e-06
-2.520000000000000e+01	-1.377755e-06
-2.509999999999999e+01	-1.377755e-06
-2.500000000000000e+01	-1.377755e-06
-2.489999999999999e+01	-1.377755e-06
-2.480000000000000e+01	-1.377755e-06
-2.470000000000000e+01	-1.377755e-06
-2.459999999999999e+01	-1.377755e-06
-2.450000000000000e+01	-1.377755e-06
-2.439999999999999e+01	-1.377754e-06
-2.430000000000000e+01	-1.377754e-06
-2.420000000000000e+01	-1.377754e-06
-2.409999999999999e+01	-1.377754e-06
-2.400000000000000e+01	-1.377754e-06
-2.389999999999999e+01	-1.377754e-06
-2.380000000000000e+01	-1.377754e-06
-2.370000000000000e+01	-1.377754e-06
-2.359999999999999e+01	-1.377754e-06
-2.350000000000000e+01	-1.377754e-06
-2.339999999999999e+01	-1.377753e-06
-2.330000000000000e+01	-1.377753e-06
-2.319999999999999e+01	-1.377753e-06
-2.309999999999999e+01	-1.377753e-06
-2.300000000000000e+01	-1.377753e-06
-2.289999999999999e+01	-1.377753e-06
-2.280000000000000e+01	-1.377753e-06
-2.269999999999999e+01	-1.377753e-06
-2.259999999999999e+01	-1.377753e-06
-2.250000000000000e+01	-1.377752e-06
-2.239999999999999e+01	-1.377752e-06
-2.230000000000000e+01	-1.377752e-06
-2.219999999999999e+01	-1.377752e-06
-2.209999999999999e+01	-1.377752e-06
-2.200000000000000e+01	-1.377752e-06
-2.189999999999999e+01	-1.377752e-06
-2.180000000000000e+01	-1.377752e-06
-2.169999999999999e+01	-1.377752e-06
-2.159999999999999e+01	-1.377752e-06
-2.150000000000000e+01	-1.377751e-06
-2.139999999999999e+01	-1.377751e-06
-2.130000000000000e+01	-1.377751e-06
-2.119999999999999e+01	-1.377751e-06
-2.109999999999999e+01	-1.377751e-06
-2.100000000000000e+01	-1.377751e-06
-2.089999999999999e+01	-1.377751e-06
-2.080000000000000e+01	-1.377751e-06
-2.069999999999999e+01	-1.377751e-06
-2.059999999999999e+01	-1.377751e-06
-2.050000000000000e+01	-1.377751e-06
-2.039999999999999e+01	-1.377750e-06
-2.030000000000000e+01	-1.377750e-06
-2.019999999999999e+01	-1.377750e-06
-2.009999999999999e+01	-1.377750e-06
-2.000000000000000e+01	-1.377750e-06
-1.989999999999999e+01	-1.377750e-06
-1.980000000000000e+01	-1.377750e-06
-1.969999999999999e+01	-1.377750e-06
-1.959999999999999e+01	-1.377750e-06
-1.950000000000000e+01	-1.377750e-06
-1.939999999999999e+01	-1.377749e-06
-1.930000000000000e+01	-1.377749e-06
-1.919999999999999e+01	-1.377749e-06
-1.909999999999999e+01	-1.377749e-06
-1.900000000000000e+01	-1.377749e-06
-1.889999999999999e+01	-1.377749e-06
-1.880000000000000e+01	-1.377749e-06
-1.869999999999999e+01	-1.377749e-06
-1.859999999999999e+01	-1.377749e-06
-1.850000000000000e+01	-1.377749e-06
-1.839999999999999e+01	-1.377748e-06
-1.830000000000000e+01	-1.377748e-06
-1.819999999999999e+01	-1.377748e-06
-1.809999999999999e+01	-1.377748e-06
-1.800000000000000e+01	-1.377748e-06
-1.789999999999999e+01	-1.377748e-06
-1.780000000000000e+01	-1.377748e-06
-1.769999999999999e+01	-1.377748e-06
-1.759999999999999e+01	-1.377748e-06
-1.750000000000000e+01	-1.377747e-06
-1.739999999999999e+01	-1.377747e-06
-1.730000000000000e+01	-1.377747e-06
-1.719999999999999e+01	-1.377747e-06
-1.709999999999999e+01	-1.377747e-06
-1.700000000000000e+01	-1.377747e-06
-1.689999999999999e+01	-1.377747e-06
-1.680000000000000e+01	-1.377747e-06
-1.669999999999999e+01	-1.377747e-06
-1.659999999999999e+01	-1.377747e-06
-1.650000000000000e+01	-1.377746e-06
-1.639999999999999e+01	-1.377746e-06
-1.630000000000000e+01	-1.377746e-06
-1.619999999999999e+01	-1.377746e-06
-1.609999999999999e+01	-1.377746e-06
-1.600000000000000e+01	-1.377746e-06
-1.589999999999999e+01	-1.377746e-06
-1.580000000000000e+01	-1.377746e-06
-1.569999999999999e+01	-1.377746e-06
-1.559999999999999e+01	-1.377746e-06
-1.550000000000000e+01	-1.377746e-06
-1.539999999999999e+01	-1.377745e-06
-1.530000000000000e+01	-1.377745e-06
-1.519999999999999e+01	-1.377745e-06
-1.509999999999999e+01	-1.377745e-06
-1.500000000000000e+01	-1.377745e-06
-1.489999999999999e+01	-1.377745e-06
-1.480000000000000e+01	-1.377745e-06
-1.469999999999999e+01	-1.377745e-06
-1.459999999999999e+01	-1.377745e-06
-1.450000000000000e+01	-1.377745e-06
-1.439999999999999e+01	-1.377744e-06
-1.430000000000000e+01	-1.377744e-06
-1.419999999999999e+01	-1.377744e-06
-1.409999999999999e+01	-1.377744e-06
-1.400000000000000e+01	-1.377744e-06
-1.389999999999999e+01	-1.377744e-06
-1.380000000000000e+01	-1.377744e-06
-1.369999999999999e+01	-1.377744e-06
-1.359999999999999e+01	-1.377744e-06
-1.350000000000000e+01	-1.377744e-06
-1.339999999999999e+01	-1.377743e-06
-1.330000000000000e+01	-1.377743e-06
-1.319999999999999e+01	-1.377743e-06
-1.309999999999999e+01	-1.377743e-06
-1.300000000000000e+01	-1.377743e-06
-1.289999999999999e+01	-1.377743e-06
-1.280000000000000e+01	-1.377743e-06
-1.269999999999999e+01	-1.377743e-06
-1.259999999999999e+01	-1.377743e-06
-1.250000000000000e+01	-1.377742e-06
-1.239999999999999e+01	-1.377742e-06
-1.230000000000000e+01	-1.377742e-06
-1.219999999999999e+01	-1.377742e-06
-1.209999999999999e+01	-1.377742e-06
-1.200000000000000e+01	-1.377742e-06
-1.189999999999999e+01	-1.377742e-06
-1.180000000000000e+01	-1.377742e-06
-1.169999999999999e+01	-1.377742e-06
-1.159999999999999e+01	-1.377742e-06
-1.150000000000000e+01	-1.377741e-06
-1.139999999999999e+01	-1.377741e-06
-1.130000000000000e+01	-1.377741e-06
-1.119999999999999e+01	-1.377741e-06
-1.109999999999999e+01	-1.377741e-06
-1.100000000000000e+01	-1.377741e-06
-1.089999999999999e+01	-1.377741e-06
-1.080000000000000e+01	-1.377741e-06
-1.069999999999999e+01	-1.377741e-06
-1.059999999999999e+01	-1.377741e-06
-1.050000000000000e+01	-1.377741e-06
-1.039999999999999e+01	-1.377740e-06
-1.030000000000000e+01	-1.377740e-06
-1.019999999999999e+01	-1.377740e-06
-1.009999999999999e+01	-1.377740e-06
-1.000000000000000e+01	-1.377740e-06
-9.899999999999991e+00	-1.377740e-06
-9.799999999999997e+00	-1.377740e-06
-9.699999999999989e+00	-1.377740e-06
-9.599999999999994e+00	-1.377740e-06
-9.500000000000000e+00	-1.377740e-06
-9.399999999999991e+00	-1.377739e-06
-9.299999999999997e+00	-1.377739e-06
-9.199999999999989e+00	-1.377739e-06
-9.099999999999994e+00	-1.377739e-06
-9.000000000000000e+00	-1.377739e-06
-8.899999999999991e+00	-1.377739e-06
-8.799999999999997e+00	-1.377739e-06
-8.699999999999989e+00	-1.377739e-06
-8.599999999999994e+00	-1.377739e-06
-8.500000000000000e+00	-1.377738e-06
-8.399999999999991e+00	-1.377738e-06
-8.299999999999997e+00	-1.377738e-06
-8.199999999999989e+00	-1.377738e-06
-8.099999999999994e+00	-1.377738e-06
-8.000000000000000e+00	-1.377738e-06
-7.899999999999991e+00	-1.377738e-06
-7.799999999999997e+00	-1.377738e-06
-7.699999999999989e+00	-1.377738e-06
-7.599999999999994e+00	-1.377738e-06
-7.500000000000000e+00	-1.377737e-06
-7.399999999999991e+00	-1.377737e-06
-7.299999999999997e+00	-1.377737e-06
-7.199999999999989e+00	-1.377737e-06
-7.099999999999994e+00	-1.377737e-06
-7.000000000000000e+00	-1.377737e-06
-6.899999999999991e+00	-1.377737e-06
-6.799999999999997e+00	-1.377737e-06
-6.699999999999989e+00	-1.377737e-06
-6.599999999999994e+00	-1.377737e-06
-6.500000000000000e+00	-1.377736e-06
-6.399999999999991e+00	-1.377736e-06
-6.299999999999997e+00	-1.377736e-06
-6.199999999999989e+00	-1.377736e-06
-6.099999999999994e+00	-1.377736e-06
-6.000000000000000e+00	-1.377736e-06
-5.899999999999991e+00	-1.377736e-06
-5.799999999999997e+00	-1.377736e-06
-5.699999999999989e+00	-1.377736e-06
-5.599999999999994e+00	-1.377736e-06
-5.500000000000000e+00	-1.377736e-06
-5.399999999999991e+00	-1.377735e-06
-5.299999999999997e+00	-1.377735e-06
-5.199999999999989e+00	-1.377735e-06
-5.099999999999994e+00	-1.377735e-06
-5.000000000000000e+00	-1.377735e-06
-4.899999999999991e+00	-1.377735e-06
-4.799999999999997e+00	-1.377735e-06
-4.699999999999989e+00	-1.377735e-06
-4.599999999999994e+00	-1.377735e-06
-4.500000000000000e+00	-1.377735e-06
-4.399999999999991e+00	-1.377734e-06
-4.299999999999997e+00	-1.377734e-06
-4.199999999999989e+00	-1.377734e-06
-4.099999999999994e+00	-1.377734e-06
-4.000000000000000e+00	-1.377734e-06
-3.899999999999991e+00	-1.377734e-06
-3.799999999999997e+00	-1.377734e-06
-3.699999999999989e+00	-1.377734e-06
-3.599999999999994e+00	-1.377734e-06
-3.500000000000000e+00	-1.377733e-06
-3.399999999999991e+00	-1.377733e-06
-3.299999999999997e+00	-1.377733e-06
-3.199999999999989e+00	-1.377733e-06
-3.099999999999994e+00	-1.377733e-06
-3.000000000000000e+00	-1.377733e-06
-2.899999999999991e+00	-1.377733e-06
-2.799999999999997e+00	-1.377733e-06
-2.699999999999989e+00	-1.377733e-06
-2.599999999999994e+00	-1.377733e-06
-2.500000000000000e+00	-1.377732e-06
-2.399999999999991e+00	-1.377732e-06
-2.299999999999997e+00	-1.377732e-06
-2.199999999999989e+00	-1.377732e-06
-2.099999999999994e+00	-1.377732e-06
-2.000000000000000e+00	-1.377732e-06
-1.899999999999991e+00	-1.377732e-06
-1.799999999999997e+00	-1.377732e-06
-1.699999999999989e+00	-1.377732e-06
-1.599999999999994e+00	-1.377732e-06
-1.500000000000000e+00	-1.377731e-06
-1.399999999999991e+00	-1.377731e-06
-1.299999999999997e+00	-1.377731e-06
-1.199999999999989e+00	-1.377731e-06
-1.099999999999994e+00	-1.377731e-06
-1.000000000000000e+00	-1.377731e-06
-8.999999999999915e-01	-1.377731e-06
-7.999999999999972e-01	-1.377731e-06
-6.999999999999886e-01	-1.377729e-06
-5.999999999999943e-01	-1.377718e-06
-5.000000000000000e-01	-1.377641e-06
-3.999999999999915e-01	-1.377109e-06
-2.999999999999972e-01	-1.373438e-06
-1.999999999999886e-01	-1.348084e-06
-9.999999999999432e-02	-1.173573e-06
0.000000000000000e+00	0.000000e+00
1.000000000000085e-01	6.899460e-06
2.000000000000028e-01	3.257387e-05
3.000000000000114e-01	8.299015e-05
4.000000000000057e-01	1.495372e-04
5.000000000000000e-01	2.248587e-04
6.000000000000085e-01	3.049248e-04
7.000000000000028e-01	3.884046e-04
8.000000000000114e-01	4.739434e-04
9.000000000000057e-01	5.609208e-04
1.000000000000000e+00	6.489944e-04
1.100000000000009e+00	7.379189e-04
1.200000000000003e+00	8.275192e-04
1.300000000000011e+00	9.176678e-04
1.400000000000006e+00	1.008270e-03
1.500000000000000e+00	1.099253e-03
1.600000000000009e+00	1.190560e-03
1.700000000000003e+00	1.282147e-03
1.800000000000011e+00	1.373976e-03
1.900000000000006e+00	1.466017e-03
2.000000000000000e+00	1.558248e-03
2.100000000000009e+00	1.650645e-03
2.200000000000003e+00	1.743193e-03
2.300000000000011e+00	1.835876e-03
2.400000000000006e+00	1.928682e-03
2.500000000000000e+00	2.021598e-03
2.600000000000009e+00	2.114617e-03
2.700000000000003e+00	2.207728e-03
2.800000000000011e+00	2.300926e-03
2.900000000000006e+00	2.394202e-03
3.000000000000000e+00	2.487552e-03
3.100000000000009e+00	2.580970e-03
3.200000000000003e+00	2.674451e-03
3.300000000000011e+00	2.767991e-03
3.400000000000006e+00	2.861587e-03
3.500000000000000e+00	2.955234e-03
3.600000000000009e+00	3.048930e-03
3.700000000000003e+00	3.142672e-03
3.800000000000011e+00	3.236457e-03
3.900000000000006e+00	3.330283e-03
4.000000000000000e+00	3.424147e-03
4.100000000000009e+00	3.518048e-03
4.200000000000003e+00	3.611983e-03
4.300000000000011e+00	3.705952e-03
4.400000000000006e+00	3.799951e-03
4.500000000000000e+00	3.893980e-03
4.600000000000009e+00	3.988038e-03
4.700000000000003e+00	4.082123e-03
4.800000000000011e+00	4.176233e-03
4.900000000000006e+00	4.270369e-03
5.000000000000000e+00	4.364527e-03
5.100000000000009e+00	4.458709e-03
5.200000000000003e+00	4.552912e-03
5.300000000000011e+00	4.647137e-03
5.400000000000006e+00	4.741381e-03
5.500000000000000e+00	4.835644e-03
5.600000000000009e+00	4.929926e-03
5.700000000000003e+00	5.024226e-03
5.800000000000011e+00	5.118543e-03
5.900000000000006e+00	5.212877e-03
6.000000000000000e+00	5.307226e-03
6.100000000000009e+00	5.401591e-03
6.200000000000003e+00	5.495972e-03
6.300000000000011e+00	5.590366e-03
6.400000000000006e+00	5.684774e-03
6.500000000000000e+00	5.779196e-03
6.600000000000009e+00	5.873630e-03
6.700000000000003e+00	5.968078e-03
6.800000000000011e+00	6.062537e-03
6.900000000000006e+00	6.157008e-03
7.000000000000000e+00	6.251492e-03
7.100000000000009e+00	6.345986e-03
7.200000000000003e+00	6.440490e-03
7.300000000000011e+00	6.535006e-03
7.400000000000006e+00	6.629532e-03
7.500000000000000e+00	6.724067e-03
7.600000000000009e+00	6.818613e-03
7.700000000000003e+00	6.913167e-03
7.800000000000011e+00	7.007731e-03
7.900000000000006e+00	7.102304e-03
8.000000000000000e+00	7.196886e-03
8.100000000000009e+00	7.291475e-03
8.200000000000003e+00	7.386073e-03
8.300000000000011e+00	7.480680e-03
8.400000000000006e+00	7.575294e-03
8.500000000000000e+00	7.669915e-03
8.600000000000009e+00	7.764544e-03
8.700000000000003e+00	7.859181e-03
8.800000000000011e+00	7.953824e-03
8.900000000000006e+00	8.048475e-03
9.000000000000000e+00	8.143132e-03
9.100000000000009e+00	8.237795e-03
9.200000000000003e+00	8.332466e-03
9.300000000000011e+00	8.427142e-03
9.400000000000006e+00	8.521825e-03
9.500000000000000e+00	8.616514e-03
9.600000000000009e+00	8.711208e-03
9.700000000000003e+00	8.805908e-03
9.800000000000011e+00	8.900614e-03
9.900000000000006e+00	8.995326e-03
1.000000000000000e+01	9.090044e-03
