time	V(n002)
0.000000000000000e+00	0.000000e+00
1.562500018259527e-09	1.694176e-06
3.125000036519054e-09	5.856043e-06
6.250000073038109e-09	2.031830e-05
1.250000014607622e-08	6.516132e-05
2.500000029215244e-08	1.835678e-04
4.366030184768035e-08	3.803175e-04
6.394015197024895e-06	6.809361e-02
1.274437009220211e-05	1.358060e-01
1.909472498737932e-05	2.035174e-01
2.544507988255654e-05	2.712280e-01
3.179543477773376e-05	3.389376e-01
3.814578967291097e-05	4.066463e-01
4.449614456808818e-05	4.743541e-01
8.355864456808818e-05	8.907778e-01
1.130231079843257e-04	1.204744e+00
1.463986243606592e-04	1.560335e+00
1.741482347882117e-04	1.855858e+00
2.055099138891510e-04	2.189680e+00
2.445724138891510e-04	2.605160e+00
2.836349138891510e-04	3.020255e+00
3.226974138891510e-04	3.434886e+00
3.617599138891510e-04	3.849007e+00
4.008224138891509e-04	4.262540e+00
4.398849138891509e-04	4.675438e+00
4.789474138891509e-04	5.087624e+00
5.180099138891509e-04	5.499051e+00
5.570724138891510e-04	5.909641e+00
5.961349138891510e-04	6.319348e+00
6.351974138891510e-04	6.728086e+00
6.742599138891511e-04	7.135792e+00
6.889083513891511e-04	7.288384e+00
6.907607397098540e-04	7.307554e+00
6.912238367900298e-04	7.312279e+00
6.921500309503812e-04	7.321760e+00
6.940024192710842e-04	7.340761e+00
6.977071959124902e-04	7.377684e+00
7.037233408041078e-04	7.429559e+00
7.101894580106260e-04	7.465853e+00
7.186753464737165e-04	7.492198e+00
7.318929796545946e-04	7.514180e+00
7.443695365483639e-04	7.526855e+00
7.693226503359028e-04	7.543016e+00
8.083851503359028e-04	7.558404e+00
8.865101503359029e-04	7.576457e+00
9.869565789073316e-04	7.588221e+00
1.087403007478760e-03	7.598477e+00
1.187849436050189e-03	7.607224e+00
1.288295864621618e-03	7.614462e+00
1.388742293193046e-03	7.620191e+00
1.489188721764475e-03	7.624412e+00
1.589635150335903e-03	7.627124e+00
1.645438721764475e-03	7.629102e+00
1.701242293193046e-03	7.630991e+00
1.757045864621618e-03	7.632792e+00
1.812849436050189e-03	7.634504e+00
1.868653007478761e-03	7.636128e+00
1.924456578907332e-03	7.637663e+00
1.980260150335904e-03	7.639109e+00
2.019322650335904e-03	7.640096e+00
2.024205462835904e-03	7.640217e+00
2.033971087835903e-03	7.640459e+00
2.047084756282116e-03	7.640779e+00
2.061439236469897e-03	7.641127e+00
2.078078058259154e-03	7.641525e+00
2.107604938181477e-03	7.642220e+00
2.136539040938415e-03	7.642885e+00
2.171533108248768e-03	7.643672e+00
2.205015251105911e-03	7.644403e+00
2.238497393963053e-03	7.645119e+00
2.271979536820196e-03	7.645819e+00
2.305461679677340e-03	7.646502e+00
2.338943822534482e-03	7.647170e+00
2.372425965391625e-03	7.647822e+00
2.405908108248768e-03	7.648457e+00
2.562158108248768e-03	7.651192e+00
2.718408108248768e-03	7.653710e+00
2.874658108248768e-03	7.656013e+00
3.030908108248769e-03	7.658099e+00
3.187158108248769e-03	7.659968e+00
3.343408108248769e-03	7.661622e+00
3.499658108248769e-03	7.663059e+00
3.957247393963055e-03	7.666432e+00
4.414836679677341e-03	7.668588e+00
4.872425965391627e-03	7.669526e+00
5.330015251105914e-03	7.669248e+00
5.787604536820199e-03	7.667753e+00
6.245193822534486e-03	7.665040e+00
6.702783108248771e-03	7.661110e+00
6.836711679677343e-03	7.659688e+00
6.970640251105915e-03	7.658096e+00
7.104568822534486e-03	7.656333e+00
7.238497393963057e-03	7.654400e+00
7.372425965391630e-03	7.652297e+00
7.506354536820201e-03	7.650024e+00
7.640283108248772e-03	7.647580e+00
7.835595608248772e-03	7.643519e+00
7.874658108248771e-03	7.642636e+00
7.913720608248770e-03	7.641726e+00
7.944187392036174e-03	7.640998e+00
7.976619242103487e-03	7.640204e+00
7.993756657797588e-03	7.639776e+00
8.008977507322419e-03	7.639391e+00
8.025413584282853e-03	7.638970e+00
8.058285738203722e-03	7.638111e+00
8.097348238203721e-03	7.637059e+00
8.136410738203721e-03	7.635972e+00
8.175473238203720e-03	7.634847e+00
8.214535738203719e-03	7.633683e+00
8.253598238203718e-03	7.632475e+00
8.292660738203717e-03	7.631223e+00
8.331723238203716e-03	7.629920e+00
8.370785738203716e-03	7.628566e+00
8.409848238203715e-03	7.627154e+00
8.448910738203714e-03	7.625680e+00
8.487973238203713e-03	7.624138e+00
8.527035738203712e-03	7.622523e+00
8.566098238203711e-03	7.620825e+00
8.605160738203711e-03	7.619038e+00
8.644223238203710e-03	7.617149e+00
8.683285738203709e-03	7.615148e+00
8.722348238203708e-03	7.613019e+00
8.761410738203707e-03	7.610744e+00
8.800473238203706e-03	7.608302e+00
8.839535738203706e-03	7.605665e+00
8.878598238203705e-03	7.602798e+00
8.917660738203704e-03	7.599655e+00
8.956723238203703e-03	7.596176e+00
8.995785738203702e-03	7.592276e+00
9.034848238203701e-03	7.587837e+00
9.073910738203701e-03	7.582680e+00
9.112973238203700e-03	7.576520e+00
9.152035738203699e-03	7.568864e+00
9.191098238203698e-03	7.558739e+00
9.230160738203697e-03	7.543427e+00
9.269223238203696e-03	7.513305e+00
9.293970887263586e-03	7.446017e+00
9.294500528055329e-03	7.442604e+00
9.295559809638816e-03	7.435538e+00
9.297678372805788e-03	7.419765e+00
9.301915499139734e-03	7.381827e+00
9.307148430448081e-03	7.329401e+00
9.313009397653203e-03	7.268516e+00
9.320210148073840e-03	7.193598e+00
9.329076398679491e-03	7.101124e+00
9.338851222785060e-03	6.999254e+00
9.358400870996198e-03	6.795091e+00
9.394547270539027e-03	6.417120e+00
9.433609770539026e-03	6.007570e+00
9.472672270539025e-03	5.597256e+00
9.511734770539024e-03	5.185956e+00
9.550797270539023e-03	4.774017e+00
9.589859770539022e-03	4.361216e+00
9.628922270539022e-03	3.947902e+00
9.667984770539021e-03	3.533850e+00
9.707047270539020e-03	3.119409e+00
9.746109770539019e-03	2.704355e+00
9.785172270539018e-03	2.289037e+00
9.824234770539017e-03	1.873232e+00
9.863297270539017e-03	1.457287e+00
9.902359770539016e-03	1.040980e+00
9.941422270539015e-03	6.246590e-01
9.980484770539014e-03	2.081015e-01
1.001954727053901e-02	-2.083451e-01
1.005860977053901e-02	-6.249024e-01
1.009767227053901e-02	-1.041224e+00
1.013673477053901e-02	-1.457530e+00
1.017579727053901e-02	-1.873475e+00
1.021485977053901e-02	-2.289279e+00
1.025392227053901e-02	-2.704597e+00
1.029298477053901e-02	-3.119650e+00
1.033204727053901e-02	-3.534091e+00
1.037110977053901e-02	-3.948141e+00
1.039519330885753e-02	-4.203012e+00
1.042108847796545e-02	-4.476933e+00
1.044811102024221e-02	-4.762320e+00
1.048032388675357e-02	-5.102225e+00
1.050880029238080e-02	-5.402138e+00
1.053973191064245e-02	-5.727565e+00
1.057401567690564e-02	-6.087477e+00
1.057889848940564e-02	-6.138726e+00
1.058866411440564e-02	-6.241110e+00
1.060819536440564e-02	-6.445700e+00
1.062936480623672e-02	-6.667176e+00
1.070748980623672e-02	-7.481896e+00
1.075213266337958e-02	-7.945684e+00
1.079677552052243e-02	-8.407683e+00
1.084141837766529e-02	-8.867892e+00
1.088606123480815e-02	-9.326313e+00
1.093070409195100e-02	-9.782945e+00
1.097534694909386e-02	-1.023779e+01
1.101998980623671e-02	-1.069084e+01
1.109811480623671e-02	-1.147817e+01
1.117623980623671e-02	-1.225859e+01
1.118112261873671e-02	-1.230713e+01
1.119088824373671e-02	-1.240370e+01
1.120551520358902e-02	-1.253815e+01
1.122190385897853e-02	-1.261741e+01
1.123873645814258e-02	-1.265011e+01
1.126630642409117e-02	-1.267709e+01
1.129291652683739e-02	-1.269266e+01
1.156635402683738e-02	-1.274992e+01
1.173376474112309e-02	-1.276277e+01
1.190117545540880e-02	-1.277398e+01
1.206858616969451e-02	-1.278354e+01
1.223599688398022e-02	-1.279147e+01
1.240340759826594e-02	-1.279775e+01
1.257081831255165e-02	-1.280239e+01
1.273822902683736e-02	-1.280538e+01
1.306747009826592e-02	-1.281175e+01
1.339671116969449e-02	-1.281706e+01
1.372595224112305e-02	-1.282132e+01
1.405519331255162e-02	-1.282452e+01
1.438443438398018e-02	-1.282667e+01
1.471367545540874e-02	-1.282777e+01
1.504291652683731e-02	-1.282781e+01
1.536099688398016e-02	-1.282757e+01
1.567907724112301e-02	-1.282634e+01
1.599715759826586e-02	-1.282411e+01
1.631523795540871e-02	-1.282088e+01
1.663331831255156e-02	-1.281666e+01
1.695139866969441e-02	-1.281143e+01
1.726947902683726e-02	-1.280521e+01
1.743688974112297e-02	-1.280222e+01
1.760430045540868e-02	-1.279756e+01
1.777171116969439e-02	-1.279122e+01
1.793912188398011e-02	-1.278320e+01
1.810653259826582e-02	-1.277351e+01
1.827394331255153e-02	-1.276214e+01
1.844135402683724e-02	-1.274910e+01
1.871479152683723e-02	-1.268918e+01
1.875385402683723e-02	-1.265953e+01
1.879291652683723e-02	-1.255036e+01
1.880946225167417e-02	-1.240010e+01
1.882180142695648e-02	-1.227867e+01
1.883140877146467e-02	-1.218208e+01
1.884041213698138e-02	-1.209346e+01
1.884979086703863e-02	-1.199894e+01
1.886854832715312e-02	-1.181267e+01
1.890606324738211e-02	-1.143581e+01
1.894512574738211e-02	-1.104383e+01
1.898418824738211e-02	-1.064812e+01
1.902325074738211e-02	-1.025287e+01
1.906231324738211e-02	-9.854016e+00
1.910137574738211e-02	-9.455733e+00
1.914043824738211e-02	-9.053973e+00
1.917950074738211e-02	-8.652903e+00
1.921856324738211e-02	-8.248477e+00
1.925762574738210e-02	-7.844860e+00
1.929668824738210e-02	-7.438011e+00
1.933575074738210e-02	-7.032092e+00
1.937481324738210e-02	-6.623065e+00
1.941387574738210e-02	-6.215088e+00
1.944342211173100e-02	-5.904078e+00
1.947620949530135e-02	-5.560515e+00
1.950303534905628e-02	-5.277122e+00
1.952995546598369e-02	-4.994402e+00
1.954923213917701e-02	-4.789983e+00
1.957238958242974e-02	-4.546424e+00
1.959701516864394e-02	-4.285058e+00
1.962307189281658e-02	-4.010318e+00
1.964362546818556e-02	-3.791593e+00
1.966771329148222e-02	-3.537265e+00
1.969116494155004e-02	-3.287454e+00
1.971927597878230e-02	-2.990009e+00
1.975152505113631e-02	-2.646315e+00
1.979058755113631e-02	-2.231889e+00
1.982965005113631e-02	-1.815099e+00
1.986871255113631e-02	-1.400062e+00
1.990777505113631e-02	-9.827892e-01
1.994683755113631e-02	-5.673929e-01
1.998590005113631e-02	-1.498874e-01
2.002496255113631e-02	2.656178e-01
2.006402505113631e-02	6.831050e-01
2.010308755113631e-02	1.098468e+00
2.014215005113630e-02	1.515686e+00
2.018121255113630e-02	1.930657e+00
2.022027505113630e-02	2.347354e+00
2.025933755113630e-02	2.761681e+00
2.029840005113630e-02	3.177609e+00
2.033746255113630e-02	3.591042e+00
2.037652505113630e-02	4.005949e+00
2.041558755113630e-02	4.418240e+00
2.045465005113630e-02	4.831876e+00
2.049371255113630e-02	5.242774e+00
2.053277505113630e-02	5.654891e+00
2.057183755113630e-02	6.064145e+00
2.061090005113629e-02	6.474489e+00
2.064996255113629e-02	6.881842e+00
2.068902505113629e-02	7.290042e+00
2.069241548994792e-02	7.324526e+00
2.069919636757118e-02	7.391813e+00
2.070582614887677e-02	7.443603e+00
2.071306312967951e-02	7.476666e+00
2.072428722587619e-02	7.503227e+00
2.073521037961538e-02	7.518088e+00
2.075271248197901e-02	7.533212e+00
2.078381726371016e-02	7.549647e+00
2.086194226371016e-02	7.571956e+00
2.095122797799587e-02	7.583881e+00
2.104051369228159e-02	7.594266e+00
2.112979940656730e-02	7.603111e+00
2.121908512085301e-02	7.610417e+00
2.130837083513873e-02	7.616183e+00
2.139765654942444e-02	7.620410e+00
2.148694226371015e-02	7.623096e+00
2.155948690656729e-02	7.625930e+00
2.163203154942443e-02	7.628600e+00
2.170457619228157e-02	7.631104e+00
2.177712083513872e-02	7.633445e+00
2.184966547799586e-02	7.635621e+00
2.192221012085300e-02	7.637632e+00
2.199475476371014e-02	7.639479e+00
2.202530424681061e-02	7.640244e+00
2.202774923764733e-02	7.640305e+00
2.203263921932076e-02	7.640426e+00
2.204241918266762e-02	7.640666e+00
2.205582426845819e-02	7.640992e+00
2.206886769527599e-02	7.641306e+00
2.209206497679083e-02	7.641856e+00
2.211580302809615e-02	7.642410e+00
2.215008294063700e-02	7.643192e+00
2.218531314285673e-02	7.643975e+00
2.222995599999959e-02	7.644936e+00
2.227459885714244e-02	7.645870e+00
2.231924171428530e-02	7.646777e+00
2.236388457142816e-02	7.647656e+00
2.240852742857101e-02	7.648509e+00
2.245317028571387e-02	7.649334e+00
2.249781314285672e-02	7.650132e+00
2.267638457142815e-02	7.653045e+00
2.285495599999958e-02	7.655698e+00
2.303352742857100e-02	7.658091e+00
2.321209885714242e-02	7.660225e+00
2.339067028571385e-02	7.662099e+00
2.356924171428527e-02	7.663714e+00
2.374781314285670e-02	7.665068e+00
2.416633992857098e-02	7.667582e+00
2.458486671428525e-02	7.669081e+00
2.500339349999953e-02	7.669567e+00
2.542192028571381e-02	7.669039e+00
2.584044707142808e-02	7.667497e+00
2.625897385714236e-02	7.664940e+00
2.667750064285664e-02	7.661370e+00
2.681142921428521e-02	7.659972e+00
2.694535778571377e-02	7.658407e+00
2.707928635714234e-02	7.656673e+00
2.721321492857091e-02	7.654773e+00
2.734714349999948e-02	7.652705e+00
2.748107207142805e-02	7.650469e+00
2.761500064285662e-02	7.648066e+00
2.781031314285661e-02	7.644077e+00
2.784937564285661e-02	7.643210e+00
2.788843814285661e-02	7.642318e+00
2.792750064285661e-02	7.641399e+00
2.796656314285661e-02	7.640452e+00
2.799363846162546e-02	7.639779e+00
2.800849467638636e-02	7.639403e+00
2.802197804174610e-02	7.639059e+00
2.803635366230260e-02	7.638687e+00
2.806510490341560e-02	7.637930e+00
2.810416740341560e-02	7.636872e+00
2.814322990341559e-02	7.635778e+00
2.818229240341559e-02	7.634647e+00
2.822135490341559e-02	7.633475e+00
2.826041740341559e-02	7.632260e+00
2.829947990341559e-02	7.630999e+00
2.833854240341559e-02	7.629688e+00
2.837760490341559e-02	7.628324e+00
2.841666740341559e-02	7.626901e+00
2.845572990341559e-02	7.625416e+00
2.849479240341559e-02	7.623862e+00
2.853385490341559e-02	7.622232e+00
2.857291740341559e-02	7.620520e+00
2.861197990341558e-02	7.618715e+00
2.865104240341558e-02	7.616808e+00
2.869010490341558e-02	7.614786e+00
2.872916740341558e-02	7.612633e+00
2.876822990341558e-02	7.610331e+00
2.880729240341558e-02	7.607857e+00
2.884635490341558e-02	7.605182e+00
2.888541740341558e-02	7.602271e+00
2.892447990341558e-02	7.599074e+00
2.896354240341558e-02	7.595528e+00
2.900260490341558e-02	7.591544e+00
2.904166740341558e-02	7.586995e+00
2.908072990341557e-02	7.581688e+00
2.911979240341557e-02	7.575311e+00
2.915885490341557e-02	7.567314e+00
2.919791740341557e-02	7.556586e+00
2.923697990341557e-02	7.539815e+00
2.927604240341557e-02	7.503171e+00
2.929673541408820e-02	7.427288e+00
2.929722506782355e-02	7.423365e+00
2.929820437529424e-02	7.415407e+00
2.930016299023563e-02	7.398378e+00
2.930408022011841e-02	7.360523e+00
2.930961856946023e-02	7.303850e+00
2.931594630453811e-02	7.237947e+00
2.932502304321380e-02	7.143439e+00
2.933616601843956e-02	7.027201e+00
2.934738729879537e-02	6.910166e+00
2.936982985950701e-02	6.675661e+00
2.940889235950701e-02	6.266847e+00
2.944795485950701e-02	5.856972e+00
2.948701735950700e-02	5.446325e+00
2.952607985950700e-02	5.034747e+00
2.956514235950700e-02	4.622521e+00
2.960420485950700e-02	4.209487e+00
2.964326735950700e-02	3.795932e+00
2.968232985950700e-02	3.381693e+00
2.972139235950700e-02	2.967057e+00
2.976045485950700e-02	2.551862e+00
2.979951735950700e-02	2.136394e+00
2.983857985950700e-02	1.720494e+00
2.987764235950700e-02	1.304445e+00
2.991670485950700e-02	8.880893e-01
2.995576735950699e-02	4.717108e-01
2.999482985950699e-02	5.515005e-02
3.003389235950699e-02	-3.613078e-01
3.007295485950699e-02	-7.778223e-01
3.011201735950699e-02	-1.194109e+00
3.015107985950699e-02	-1.610326e+00
3.019014235950699e-02	-2.026190e+00
3.022920485950699e-02	-2.441860e+00
3.026826735950699e-02	-2.857051e+00
3.030732985950699e-02	-3.271923e+00
3.034639235950699e-02	-3.686191e+00
3.037237289949750e-02	-3.961510e+00
3.039699721575585e-02	-4.222106e+00
3.041825757356953e-02	-4.447002e+00
3.044068750099999e-02	-4.683941e+00
3.047962810164086e-02	-5.094883e+00
3.050898415242619e-02	-5.404081e+00
3.054069864835690e-02	-5.737717e+00
3.057511455770548e-02	-6.099012e+00
3.057999737020548e-02	-6.150250e+00
3.058976299520548e-02	-6.252627e+00
3.060929424520548e-02	-6.457203e+00
3.063147161944459e-02	-6.689201e+00
3.070959661944458e-02	-7.503806e+00
3.075423947658744e-02	-7.967522e+00
3.079888233373030e-02	-8.429445e+00
3.084352519087315e-02	-8.889575e+00
3.088816804801601e-02	-9.347911e+00
3.093281090515887e-02	-9.804454e+00
3.097745376230172e-02	-1.025920e+01
3.102209661944458e-02	-1.071216e+01
3.110022161944458e-02	-1.149931e+01
3.117834661944457e-02	-1.227954e+01
3.118322943194457e-02	-1.232805e+01
3.119299505694458e-02	-1.242434e+01
3.120604846515976e-02	-1.254220e+01
3.121888390774696e-02	-1.260814e+01
3.123627581720493e-02	-1.264658e+01
3.126282227568543e-02	-1.267453e+01
3.128776318379392e-02	-1.269010e+01
3.156120068379391e-02	-1.274936e+01
3.172861139807963e-02	-1.276234e+01
3.189602211236534e-02	-1.277366e+01
3.206343282665105e-02	-1.278331e+01
3.223084354093676e-02	-1.279130e+01
3.239825425522247e-02	-1.279762e+01
3.256566496950818e-02	-1.280227e+01
3.273307568379389e-02	-1.280526e+01
3.306231675522246e-02	-1.281165e+01
3.339155782665102e-02	-1.281699e+01
3.372079889807959e-02	-1.282127e+01
3.405003996950814e-02	-1.282449e+01
3.437928104093671e-02	-1.282665e+01
3.470852211236528e-02	-1.282776e+01
3.503776318379384e-02	-1.282781e+01
3.523307568379384e-02	-1.282764e+01
3.542838818379383e-02	-1.282715e+01
3.562370068379383e-02	-1.282634e+01
3.581901318379382e-02	-1.282521e+01
3.601432568379382e-02	-1.282377e+01
3.620963818379382e-02	-1.282202e+01
3.640495068379381e-02	-1.281994e+01
3.663374532665095e-02	-1.281754e+01
3.686253996950808e-02	-1.281405e+01
3.709133461236522e-02	-1.280948e+01
3.732012925522236e-02	-1.280382e+01
3.754892389807950e-02	-1.279708e+01
3.777771854093664e-02	-1.278926e+01
3.800651318379378e-02	-1.278035e+01
3.809579889807949e-02	-1.277729e+01
3.818508461236520e-02	-1.277229e+01
3.827437032665092e-02	-1.276537e+01
3.836365604093663e-02	-1.275652e+01
3.845294175522234e-02	-1.274574e+01
3.854222746950805e-02	-1.273304e+01
3.863151318379376e-02	-1.271840e+01
3.870963818379376e-02	-1.269177e+01
3.874870068379376e-02	-1.266484e+01
3.878776318379376e-02	-1.258148e+01
3.880516263917436e-02	-1.244246e+01
3.882269810348127e-02	-1.226960e+01
3.884265663759030e-02	-1.207021e+01
3.885403427129803e-02	-1.195749e+01
3.886759800351846e-02	-1.182128e+01
3.889472546795932e-02	-1.155045e+01
3.893378796795931e-02	-1.115719e+01
3.897285046795931e-02	-1.076373e+01
3.901191296795931e-02	-1.036717e+01
3.905097546795931e-02	-9.970520e+00
3.909003796795931e-02	-9.570901e+00
3.912910046795931e-02	-9.171309e+00
3.916816296795931e-02	-8.768867e+00
3.920722546795931e-02	-8.366572e+00
3.924628796795931e-02	-7.961551e+00
3.928535046795931e-02	-7.556797e+00
3.932441296795931e-02	-7.149440e+00
3.936347546795931e-02	-6.742470e+00
3.940253796795930e-02	-6.333021e+00
3.944160046795930e-02	-5.924082e+00
3.948066296795930e-02	-5.512788e+00
3.950572742870598e-02	-5.249640e+00
3.953110849952003e-02	-4.981366e+00
3.955199630378293e-02	-4.761677e+00
3.957575851542604e-02	-4.509949e+00
3.960129537915497e-02	-4.240653e+00
3.963827928039555e-02	-3.848381e+00
3.967232820917456e-02	-3.488177e+00
3.971139070917456e-02	-3.072882e+00
3.974476426825895e-02	-2.719049e+00
3.977772617024061e-02	-2.367843e+00
3.981678867024060e-02	-1.952897e+00
3.985585117024060e-02	-1.536204e+00
3.989491367024060e-02	-1.120732e+00
3.993397617024060e-02	-7.036397e-01
3.997303867024060e-02	-2.878923e-01
4.000000000000000e-02	3.151195e-04
