time	V(n003)
0.000000000000000e+00	0.000000e+00
1.562500018259527e-09	1.666080e-05
3.125000036519054e-09	3.332160e-05
6.250000073038109e-09	6.664320e-05
1.250000014607622e-08	1.332864e-04
2.500000029215244e-08	2.665728e-04
4.366030184768035e-08	4.655459e-04
6.394015197024895e-06	6.817918e-02
1.274437009220211e-05	1.358920e-01
1.909472498737932e-05	2.036039e-01
2.544507988255654e-05	2.713149e-01
3.179543477773376e-05	3.390252e-01
3.814578967291097e-05	4.067345e-01
4.449614456808818e-05	4.744430e-01
8.355864456808818e-05	8.908761e-01
1.130231079843257e-04	1.204902e+00
1.463986243606592e-04	1.560485e+00
1.741482347882117e-04	1.856001e+00
2.055099138891510e-04	2.189812e+00
2.445724138891510e-04	2.605289e+00
2.836349138891510e-04	3.020373e+00
3.226974138891510e-04	3.435003e+00
3.617599138891510e-04	3.849115e+00
4.008224138891509e-04	4.262648e+00
4.398849138891509e-04	4.675539e+00
4.789474138891509e-04	5.087725e+00
5.180099138891509e-04	5.499146e+00
5.570724138891510e-04	5.909738e+00
5.961349138891510e-04	6.319440e+00
6.351974138891510e-04	6.728191e+00
6.742599138891511e-04	7.135928e+00
6.889083513891511e-04	7.288556e+00
6.907607397098540e-04	7.307846e+00
6.912238367900298e-04	7.312668e+00
6.921500309503812e-04	7.322311e+00
6.940024192710842e-04	7.341597e+00
6.977071959124902e-04	7.380160e+00
7.037233408041078e-04	7.442762e+00
7.101894580106260e-04	7.510016e+00
7.186753464737165e-04	7.598231e+00
7.318929796545946e-04	7.735527e+00
7.443695365483639e-04	7.865002e+00
7.693226503359028e-04	8.123589e+00
8.083851503359028e-04	8.527380e+00
8.865101503359029e-04	9.331051e+00
9.869565789073316e-04	1.035849e+01
1.087403007478760e-03	1.137314e+01
1.187849436050189e-03	1.237498e+01
1.288295864621618e-03	1.336401e+01
1.388742293193046e-03	1.434025e+01
1.489188721764475e-03	1.530368e+01
1.589635150335903e-03	1.625431e+01
1.645438721764475e-03	1.677454e+01
1.701242293193046e-03	1.728921e+01
1.757045864621618e-03	1.779835e+01
1.812849436050189e-03	1.830193e+01
1.868653007478761e-03	1.879997e+01
1.924456578907332e-03	1.929246e+01
1.980260150335904e-03	1.977941e+01
2.019322650335904e-03	2.011640e+01
2.024205462835904e-03	2.015831e+01
2.033971087835903e-03	2.024199e+01
2.047084756282116e-03	2.035406e+01
2.061439236469897e-03	2.047633e+01
2.078078058259154e-03	2.061755e+01
2.107604938181477e-03	2.086675e+01
2.136539040938415e-03	2.110922e+01
2.171533108248768e-03	2.140013e+01
2.205015251105911e-03	2.167612e+01
2.238497393963053e-03	2.194965e+01
2.271979536820196e-03	2.222070e+01
2.305461679677340e-03	2.248927e+01
2.338943822534482e-03	2.275538e+01
2.372425965391625e-03	2.301901e+01
2.405908108248768e-03	2.328016e+01
2.562158108248768e-03	2.447022e+01
2.718408108248768e-03	2.559501e+01
2.874658108248768e-03	2.665455e+01
3.030908108248769e-03	2.764882e+01
3.187158108248769e-03	2.857784e+01
3.343408108248769e-03	2.944159e+01
3.499658108248769e-03	3.024009e+01
3.957247393963055e-03	3.214435e+01
4.414836679677341e-03	3.336430e+01
4.872425965391627e-03	3.389994e+01
5.330015251105914e-03	3.375127e+01
5.787604536820199e-03	3.291830e+01
6.245193822534486e-03	3.140101e+01
6.702783108248771e-03	2.919941e+01
6.836711679677343e-03	2.844188e+01
6.970640251105915e-03	2.763781e+01
7.104568822534486e-03	2.678719e+01
7.238497393963057e-03	2.589003e+01
7.372425965391630e-03	2.494633e+01
7.506354536820201e-03	2.395609e+01
7.640283108248772e-03	2.291931e+01
7.835595608248772e-03	2.134107e+01
7.874658108248771e-03	2.101559e+01
7.913720608248770e-03	2.068694e+01
7.944187392036174e-03	2.042845e+01
7.976619242103487e-03	2.015123e+01
7.993756657797588e-03	2.000390e+01
8.008977507322419e-03	1.987255e+01
8.025413584282853e-03	1.973022e+01
8.058285738203722e-03	1.944396e+01
8.097348238203721e-03	1.910111e+01
8.136410738203721e-03	1.875538e+01
8.175473238203720e-03	1.840682e+01
8.214535738203719e-03	1.805550e+01
8.253598238203718e-03	1.770145e+01
8.292660738203717e-03	1.734474e+01
8.331723238203716e-03	1.698542e+01
8.370785738203716e-03	1.662354e+01
8.409848238203715e-03	1.625915e+01
8.448910738203714e-03	1.589232e+01
8.487973238203713e-03	1.552309e+01
8.527035738203712e-03	1.515153e+01
8.566098238203711e-03	1.477768e+01
8.605160738203711e-03	1.440161e+01
8.644223238203710e-03	1.402337e+01
8.683285738203709e-03	1.364301e+01
8.722348238203708e-03	1.326061e+01
8.761410738203707e-03	1.287620e+01
8.800473238203706e-03	1.248986e+01
8.839535738203706e-03	1.210164e+01
8.878598238203705e-03	1.171159e+01
8.917660738203704e-03	1.131978e+01
8.956723238203703e-03	1.092626e+01
8.995785738203702e-03	1.053110e+01
9.034848238203701e-03	1.013436e+01
9.073910738203701e-03	9.736086e+00
9.112973238203700e-03	9.336347e+00
9.152035738203699e-03	8.935203e+00
9.191098238203698e-03	8.532712e+00
9.230160738203697e-03	8.128937e+00
9.269223238203696e-03	7.723937e+00
9.293970887263586e-03	7.466748e+00
9.294500528055329e-03	7.461238e+00
9.295559809638816e-03	7.450220e+00
9.297678372805788e-03	7.428179e+00
9.301915499139734e-03	7.384088e+00
9.307148430448081e-03	7.329616e+00
9.313009397653203e-03	7.268583e+00
9.320210148073840e-03	7.193564e+00
9.329076398679491e-03	7.101145e+00
9.338851222785060e-03	6.999190e+00
9.358400870996198e-03	6.795084e+00
9.394547270539027e-03	6.417031e+00
9.433609770539026e-03	6.007550e+00
9.472672270539025e-03	5.597164e+00
9.511734770539024e-03	5.185935e+00
9.550797270539023e-03	4.773926e+00
9.589859770539022e-03	4.361198e+00
9.628922270539022e-03	3.947813e+00
9.667984770539021e-03	3.533833e+00
9.707047270539020e-03	3.119321e+00
9.746109770539019e-03	2.704339e+00
9.785172270539018e-03	2.288950e+00
9.824234770539017e-03	1.873217e+00
9.863297270539017e-03	1.457201e+00
9.902359770539016e-03	1.040966e+00
9.941422270539015e-03	6.245739e-01
9.980484770539014e-03	2.080878e-01
1.001954727053901e-02	-2.084295e-01
1.005860977053901e-02	-6.249155e-01
1.009767227053901e-02	-1.041307e+00
1.013673477053901e-02	-1.457542e+00
1.017579727053901e-02	-1.873558e+00
1.021485977053901e-02	-2.289291e+00
1.025392227053901e-02	-2.704680e+00
1.029298477053901e-02	-3.119661e+00
1.033204727053901e-02	-3.534173e+00
1.037110977053901e-02	-3.948152e+00
1.039519330885753e-02	-4.203094e+00
1.042108847796545e-02	-4.476944e+00
1.044811102024221e-02	-4.762401e+00
1.048032388675357e-02	-5.102236e+00
1.050880029238080e-02	-5.402219e+00
1.053973191064245e-02	-5.727575e+00
1.057401567690564e-02	-6.087558e+00
1.057889848940564e-02	-6.138772e+00
1.058866411440564e-02	-6.241155e+00
1.060819536440564e-02	-6.445745e+00
1.062936480623672e-02	-6.667221e+00
1.070748980623672e-02	-7.481941e+00
1.075213266337958e-02	-7.945729e+00
1.079677552052243e-02	-8.407727e+00
1.084141837766529e-02	-8.867937e+00
1.088606123480815e-02	-9.326358e+00
1.093070409195100e-02	-9.782989e+00
1.097534694909386e-02	-1.023783e+01
1.101998980623671e-02	-1.069089e+01
1.109811480623671e-02	-1.147822e+01
1.117623980623671e-02	-1.225865e+01
1.118112261873671e-02	-1.230718e+01
1.119088824373671e-02	-1.240417e+01
1.120551520358902e-02	-1.254921e+01
1.122190385897853e-02	-1.271141e+01
1.123873645814258e-02	-1.287766e+01
1.126630642409117e-02	-1.314916e+01
1.129291652683739e-02	-1.341028e+01
1.156635402683738e-02	-1.603596e+01
1.173376474112309e-02	-1.759613e+01
1.190117545540880e-02	-1.909774e+01
1.206858616969451e-02	-2.054078e+01
1.223599688398022e-02	-2.192526e+01
1.240340759826594e-02	-2.325118e+01
1.257081831255165e-02	-2.451853e+01
1.273822902683736e-02	-2.572733e+01
1.306747009826592e-02	-2.791143e+01
1.339671116969449e-02	-2.975848e+01
1.372595224112305e-02	-3.126849e+01
1.405519331255162e-02	-3.244144e+01
1.438443438398018e-02	-3.327735e+01
1.471367545540874e-02	-3.377621e+01
1.504291652683731e-02	-3.393801e+01
1.536099688398016e-02	-3.369679e+01
1.567907724112301e-02	-3.314243e+01
1.599715759826586e-02	-3.227494e+01
1.631523795540871e-02	-3.109432e+01
1.663331831255156e-02	-2.960056e+01
1.695139866969441e-02	-2.779367e+01
1.726947902683726e-02	-2.567364e+01
1.743688974112297e-02	-2.446163e+01
1.760430045540868e-02	-2.319124e+01
1.777171116969439e-02	-2.186246e+01
1.793912188398011e-02	-2.047529e+01
1.810653259826582e-02	-1.902974e+01
1.827394331255153e-02	-1.752580e+01
1.844135402683724e-02	-1.596347e+01
1.871479152683723e-02	-1.333474e+01
1.875385402683723e-02	-1.295072e+01
1.879291652683723e-02	-1.256475e+01
1.880946225167417e-02	-1.240069e+01
1.882180142695648e-02	-1.227812e+01
1.883140877146467e-02	-1.218256e+01
1.884041213698138e-02	-1.209291e+01
1.884979086703863e-02	-1.199941e+01
1.886854832715312e-02	-1.181211e+01
1.890606324738211e-02	-1.143629e+01
1.894512574738211e-02	-1.104327e+01
1.898418824738211e-02	-1.064859e+01
1.902325074738211e-02	-1.025231e+01
1.906231324738211e-02	-9.854486e+00
1.910137574738211e-02	-9.455177e+00
1.914043824738211e-02	-9.054443e+00
1.917950074738211e-02	-8.652347e+00
1.921856324738211e-02	-8.248946e+00
1.925762574738210e-02	-7.844304e+00
1.929668824738210e-02	-7.438480e+00
1.933575074738210e-02	-7.031536e+00
1.937481324738210e-02	-6.623533e+00
1.941387574738210e-02	-6.214533e+00
1.944342211173100e-02	-5.904545e+00
1.947620949530135e-02	-5.559960e+00
1.950303534905628e-02	-5.277588e+00
1.952995546598369e-02	-4.993847e+00
1.954923213917701e-02	-4.790449e+00
1.957238958242974e-02	-4.545870e+00
1.959701516864394e-02	-4.285522e+00
1.962307189281658e-02	-4.009765e+00
1.964362546818556e-02	-3.792056e+00
1.966771329148222e-02	-3.536712e+00
1.969116494155004e-02	-3.287917e+00
1.971927597878230e-02	-2.989456e+00
1.975152505113631e-02	-2.646776e+00
1.979058755113631e-02	-2.231336e+00
1.982965005113631e-02	-1.815559e+00
1.986871255113631e-02	-1.399510e+00
1.990777505113631e-02	-9.832488e-01
1.994683755113631e-02	-5.668401e-01
1.998590005113631e-02	-1.503460e-01
2.002496255113631e-02	2.661707e-01
2.006402505113631e-02	6.826474e-01
2.010308755113631e-02	1.099021e+00
2.014215005113630e-02	1.515230e+00
2.018121255113630e-02	1.931210e+00
2.022027505113630e-02	2.346899e+00
2.025933755113630e-02	2.762235e+00
2.029840005113630e-02	3.177155e+00
2.033746255113630e-02	3.591596e+00
2.037652505113630e-02	4.005497e+00
2.041558755113630e-02	4.418794e+00
2.045465005113630e-02	4.831426e+00
2.049371255113630e-02	5.243330e+00
2.053277505113630e-02	5.654445e+00
2.057183755113630e-02	6.064708e+00
2.061090005113629e-02	6.474058e+00
2.064996255113629e-02	6.882433e+00
2.068902505113629e-02	7.289771e+00
2.069241548994792e-02	7.325075e+00
2.069919636757118e-02	7.395658e+00
2.070582614887677e-02	7.464637e+00
2.071306312967951e-02	7.539895e+00
2.072428722587619e-02	7.656539e+00
2.073521037961538e-02	7.769964e+00
2.075271248197901e-02	7.951513e+00
2.078381726371016e-02	8.273566e+00
2.086194226371016e-02	9.078904e+00
2.095122797799587e-02	9.994320e+00
2.104051369228159e-02	1.090011e+01
2.112979940656730e-02	1.179629e+01
2.121908512085301e-02	1.268283e+01
2.130837083513873e-02	1.355976e+01
2.139765654942444e-02	1.442707e+01
2.148694226371015e-02	1.528475e+01
2.155948690656729e-02	1.597224e+01
2.163203154942443e-02	1.665058e+01
2.170457619228157e-02	1.731975e+01
2.177712083513872e-02	1.797975e+01
2.184966547799586e-02	1.863060e+01
2.192221012085300e-02	1.927228e+01
2.199475476371014e-02	1.990480e+01
2.202530424681061e-02	2.016773e+01
2.202774923764733e-02	2.018870e+01
2.203263921932076e-02	2.023059e+01
2.204241918266762e-02	2.031422e+01
2.205582426845819e-02	2.042855e+01
2.206886769527599e-02	2.053945e+01
2.209206497679083e-02	2.073582e+01
2.211580302809615e-02	2.093563e+01
2.215008294063700e-02	2.122211e+01
2.218531314285673e-02	2.151398e+01
2.222995599999959e-02	2.188020e+01
2.227459885714244e-02	2.224195e+01
2.231924171428530e-02	2.259921e+01
2.236388457142816e-02	2.295200e+01
2.240852742857101e-02	2.330031e+01
2.245317028571387e-02	2.364414e+01
2.249781314285672e-02	2.398349e+01
2.267638457142815e-02	2.530099e+01
2.285495599999958e-02	2.653005e+01
2.303352742857100e-02	2.767065e+01
2.321209885714242e-02	2.872280e+01
2.339067028571385e-02	2.968650e+01
2.356924171428527e-02	3.056176e+01
2.374781314285670e-02	3.134856e+01
2.416633992857098e-02	3.278227e+01
2.458486671428525e-02	3.364224e+01
2.500339349999953e-02	3.392847e+01
2.542192028571381e-02	3.364095e+01
2.584044707142808e-02	3.277969e+01
2.625897385714236e-02	3.134468e+01
2.667750064285664e-02	2.933592e+01
2.681142921428521e-02	2.858809e+01
2.694535778571377e-02	2.779341e+01
2.707928635714234e-02	2.695189e+01
2.721321492857091e-02	2.606354e+01
2.734714349999948e-02	2.512834e+01
2.748107207142805e-02	2.414630e+01
2.761500064285662e-02	2.311743e+01
2.781031314285661e-02	2.155003e+01
2.784937564285661e-02	2.122662e+01
2.788843814285661e-02	2.090001e+01
2.792750064285661e-02	2.057026e+01
2.796656314285661e-02	2.023741e+01
2.799363846162546e-02	2.000492e+01
2.800849467638636e-02	1.987673e+01
2.802197804174610e-02	1.976001e+01
2.803635366230260e-02	1.963518e+01
2.806510490341560e-02	1.938432e+01
2.810416740341560e-02	1.904096e+01
2.814322990341559e-02	1.869473e+01
2.818229240341559e-02	1.834569e+01
2.822135490341559e-02	1.799389e+01
2.826041740341559e-02	1.763937e+01
2.829947990341559e-02	1.728220e+01
2.833854240341559e-02	1.692242e+01
2.837760490341559e-02	1.656010e+01
2.841666740341559e-02	1.619529e+01
2.845572990341559e-02	1.582803e+01
2.849479240341559e-02	1.545839e+01
2.853385490341559e-02	1.508643e+01
2.857291740341559e-02	1.471219e+01
2.861197990341558e-02	1.433573e+01
2.865104240341558e-02	1.395712e+01
2.869010490341558e-02	1.357640e+01
2.872916740341558e-02	1.319364e+01
2.876822990341558e-02	1.280890e+01
2.880729240341558e-02	1.242222e+01
2.884635490341558e-02	1.203368e+01
2.888541740341558e-02	1.164332e+01
2.892447990341558e-02	1.125120e+01
2.896354240341558e-02	1.085740e+01
2.900260490341558e-02	1.046196e+01
2.904166740341558e-02	1.006494e+01
2.908072990341557e-02	9.666407e+00
2.911979240341557e-02	9.266418e+00
2.915885490341557e-02	8.865034e+00
2.919791740341557e-02	8.462316e+00
2.923697990341557e-02	8.058322e+00
2.927604240341557e-02	7.653115e+00
2.929673541408820e-02	7.437989e+00
2.929722506782355e-02	7.432895e+00
2.929820437529424e-02	7.422706e+00
2.930016299023563e-02	7.402326e+00
2.930408022011841e-02	7.361556e+00
2.930961856946023e-02	7.303896e+00
2.931594630453811e-02	7.237990e+00
2.932502304321380e-02	7.143403e+00
2.933616601843956e-02	7.027204e+00
2.934738729879537e-02	6.910102e+00
2.936982985950701e-02	6.675641e+00
2.940889235950701e-02	6.266764e+00
2.944795485950701e-02	5.856944e+00
2.948701735950700e-02	5.446242e+00
2.952607985950700e-02	5.034719e+00
2.956514235950700e-02	4.622438e+00
2.960420485950700e-02	4.209462e+00
2.964326735950700e-02	3.795851e+00
2.968232985950700e-02	3.381668e+00
2.972139235950700e-02	2.966977e+00
2.976045485950700e-02	2.551838e+00
2.979951735950700e-02	2.136316e+00
2.983857985950700e-02	1.720471e+00
2.987764235950700e-02	1.304367e+00
2.991670485950700e-02	8.880673e-01
2.995576735950699e-02	4.716335e-01
2.999482985950699e-02	5.512872e-02
3.003389235950699e-02	-3.613844e-01
3.007295485950699e-02	-7.778431e-01
3.011201735950699e-02	-1.194185e+00
3.015107985950699e-02	-1.610346e+00
3.019014235950699e-02	-2.026266e+00
3.022920485950699e-02	-2.441880e+00
3.026826735950699e-02	-2.857126e+00
3.030732985950699e-02	-3.271942e+00
3.034639235950699e-02	-3.686265e+00
3.037237289949750e-02	-3.961529e+00
3.039699721575585e-02	-4.222180e+00
3.041825757356953e-02	-4.447021e+00
3.044068750099999e-02	-4.684015e+00
3.047962810164086e-02	-5.094901e+00
3.050898415242619e-02	-5.404154e+00
3.054069864835690e-02	-5.737735e+00
3.057511455770548e-02	-6.099085e+00
3.057999737020548e-02	-6.150295e+00
3.058976299520548e-02	-6.252672e+00
3.060929424520548e-02	-6.457249e+00
3.063147161944459e-02	-6.689247e+00
3.070959661944458e-02	-7.503851e+00
3.075423947658744e-02	-7.967567e+00
3.079888233373030e-02	-8.429490e+00
3.084352519087315e-02	-8.889620e+00
3.088816804801601e-02	-9.347956e+00
3.093281090515887e-02	-9.804499e+00
3.097745376230172e-02	-1.025925e+01
3.102209661944458e-02	-1.071220e+01
3.110022161944458e-02	-1.149936e+01
3.117834661944457e-02	-1.227959e+01
3.118322943194457e-02	-1.232811e+01
3.119299505694458e-02	-1.242507e+01
3.120604846515976e-02	-1.255449e+01
3.121888390774696e-02	-1.268155e+01
3.123627581720493e-02	-1.285338e+01
3.126282227568543e-02	-1.311491e+01
3.128776318379392e-02	-1.335979e+01
3.156120068379391e-02	-1.598750e+01
3.172861139807963e-02	-1.754912e+01
3.189602211236534e-02	-1.905229e+01
3.206343282665105e-02	-2.049701e+01
3.223084354093676e-02	-2.188329e+01
3.239825425522247e-02	-2.321112e+01
3.256566496950818e-02	-2.448051e+01
3.273307568379389e-02	-2.569145e+01
3.306231675522246e-02	-2.788018e+01
3.339155782665102e-02	-2.973206e+01
3.372079889807959e-02	-3.124709e+01
3.405003996950814e-02	-3.242527e+01
3.437928104093671e-02	-3.326660e+01
3.470852211236528e-02	-3.377108e+01
3.503776318379384e-02	-3.393871e+01
3.523307568379384e-02	-3.384629e+01
3.542838818379383e-02	-3.362989e+01
3.562370068379383e-02	-3.328952e+01
3.581901318379382e-02	-3.282518e+01
3.601432568379382e-02	-3.223686e+01
3.620963818379382e-02	-3.152458e+01
3.640495068379381e-02	-3.068831e+01
3.663374532665095e-02	-2.954855e+01
3.686253996950808e-02	-2.827468e+01
3.709133461236522e-02	-2.686672e+01
3.732012925522236e-02	-2.532465e+01
3.754892389807950e-02	-2.364848e+01
3.777771854093664e-02	-2.183822e+01
3.800651318379378e-02	-1.989385e+01
3.809579889807949e-02	-1.911316e+01
3.818508461236520e-02	-1.831902e+01
3.827437032665092e-02	-1.751144e+01
3.836365604093663e-02	-1.669041e+01
3.845294175522234e-02	-1.585594e+01
3.854222746950805e-02	-1.500803e+01
3.863151318379376e-02	-1.414667e+01
3.870963818379376e-02	-1.338526e+01
3.874870068379376e-02	-1.300150e+01
3.878776318379376e-02	-1.261578e+01
3.880516263917436e-02	-1.244335e+01
3.882269810348127e-02	-1.226921e+01
3.884265663759030e-02	-1.207054e+01
3.885403427129803e-02	-1.195708e+01
3.886759800351846e-02	-1.182161e+01
3.889472546795932e-02	-1.155004e+01
3.893378796795931e-02	-1.115752e+01
3.897285046795931e-02	-1.076332e+01
3.901191296795931e-02	-1.036749e+01
3.905097546795931e-02	-9.970110e+00
3.909003796795931e-02	-9.571225e+00
3.912910046795931e-02	-9.170898e+00
3.916816296795931e-02	-8.769191e+00
3.920722546795931e-02	-8.366162e+00
3.924628796795931e-02	-7.961874e+00
3.928535046795931e-02	-7.556387e+00
3.932441296795931e-02	-7.149762e+00
3.936347546795931e-02	-6.742060e+00
3.940253796795930e-02	-6.333343e+00
3.944160046795930e-02	-5.923672e+00
3.948066296795930e-02	-5.513109e+00
3.950572742870598e-02	-5.249230e+00
3.953110849952003e-02	-4.981686e+00
3.955199630378293e-02	-4.761268e+00
3.957575851542604e-02	-4.510269e+00
3.960129537915497e-02	-4.240244e+00
3.963827928039555e-02	-3.848700e+00
3.967232820917456e-02	-3.487768e+00
3.971139070917456e-02	-3.073200e+00
3.974476426825895e-02	-2.718640e+00
3.977772617024061e-02	-2.368160e+00
3.981678867024060e-02	-1.952488e+00
3.985585117024060e-02	-1.536521e+00
3.989491367024060e-02	-1.120323e+00
3.993397617024060e-02	-7.039558e-01
3.997303867024060e-02	-2.874828e-01
4.000000000000000e-02	-1.662634e-14
