time	V(n004)
0.000000000000000e+00	0.000000e+00
1.562500018259527e-09	1.613091e-06
3.125000036519054e-09	5.592425e-06
6.250000073038109e-09	1.950983e-05
1.250000014607622e-08	6.311072e-05
2.500000029215244e-08	1.797781e-04
4.366030184768035e-08	3.757313e-04
6.394015197024895e-06	6.809131e-02
1.274437009220211e-05	1.358059e-01
1.909472498737932e-05	2.035194e-01
2.544507988255654e-05	2.712320e-01
3.179543477773376e-05	3.389435e-01
3.814578967291097e-05	4.066541e-01
4.449614456808818e-05	4.743636e-01
8.355864456808818e-05	8.908021e-01
1.130231079843257e-04	1.204831e+00
1.463986243606592e-04	1.560416e+00
1.741482347882117e-04	1.855932e+00
2.055099138891510e-04	2.189744e+00
2.445724138891510e-04	2.605222e+00
2.836349138891510e-04	3.020308e+00
3.226974138891510e-04	3.434940e+00
3.617599138891510e-04	3.849055e+00
4.008224138891509e-04	4.262589e+00
4.398849138891509e-04	4.675482e+00
4.789474138891509e-04	5.087670e+00
5.180099138891509e-04	5.499092e+00
5.570724138891510e-04	5.909685e+00
5.961349138891510e-04	6.319389e+00
6.351974138891510e-04	6.728141e+00
6.742599138891511e-04	7.135879e+00
6.889083513891511e-04	7.288507e+00
6.907607397098540e-04	7.307797e+00
6.912238367900298e-04	7.312619e+00
6.921500309503812e-04	7.322263e+00
6.940024192710842e-04	7.341548e+00
6.977071959124902e-04	7.380112e+00
7.037233408041078e-04	7.442714e+00
7.101894580106260e-04	7.509968e+00
7.186753464737165e-04	7.598183e+00
7.318929796545946e-04	7.735479e+00
7.443695365483639e-04	7.864954e+00
7.693226503359028e-04	8.123542e+00
8.083851503359028e-04	8.527334e+00
8.865101503359029e-04	9.331007e+00
9.869565789073316e-04	1.035845e+01
1.087403007478760e-03	1.137310e+01
1.187849436050189e-03	1.237494e+01
1.288295864621618e-03	1.336398e+01
1.388742293193046e-03	1.434021e+01
1.489188721764475e-03	1.530365e+01
1.589635150335903e-03	1.625428e+01
1.645438721764475e-03	1.677450e+01
1.701242293193046e-03	1.728918e+01
1.757045864621618e-03	1.779831e+01
1.812849436050189e-03	1.830190e+01
1.868653007478761e-03	1.879994e+01
1.924456578907332e-03	1.929243e+01
1.980260150335904e-03	1.977938e+01
2.019322650335904e-03	2.011634e+01
2.024205462835904e-03	2.015816e+01
2.033971087835903e-03	2.024147e+01
2.047084756282116e-03	2.035302e+01
2.061439236469897e-03	2.047192e+01
2.078078058259154e-03	2.058902e+01
2.107604938181477e-03	2.068637e+01
2.136539040938415e-03	2.072435e+01
2.171533108248768e-03	2.074993e+01
2.205015251105911e-03	2.076435e+01
2.238497393963053e-03	2.077704e+01
2.271979536820196e-03	2.078801e+01
2.305461679677340e-03	2.079726e+01
2.338943822534482e-03	2.080478e+01
2.372425965391625e-03	2.081058e+01
2.405908108248768e-03	2.081466e+01
2.562158108248768e-03	2.083075e+01
2.718408108248768e-03	2.084464e+01
2.874658108248768e-03	2.085632e+01
3.030908108248769e-03	2.086579e+01
3.187158108248769e-03	2.087306e+01
3.343408108248769e-03	2.087812e+01
3.499658108248769e-03	2.088098e+01
3.957247393963055e-03	2.089024e+01
4.414836679677341e-03	2.089613e+01
4.872425965391627e-03	2.089865e+01
5.330015251105914e-03	2.089780e+01
5.787604536820199e-03	2.089357e+01
6.245193822534486e-03	2.088596e+01
6.702783108248771e-03	2.087499e+01
6.836711679677343e-03	2.087186e+01
6.970640251105915e-03	2.086655e+01
7.104568822534486e-03	2.085905e+01
7.238497393963057e-03	2.084936e+01
7.372425965391630e-03	2.083748e+01
7.506354536820201e-03	2.082342e+01
7.640283108248772e-03	2.080716e+01
7.835595608248772e-03	2.074597e+01
7.874658108248771e-03	2.071254e+01
7.913720608248770e-03	2.062884e+01
7.944187392036174e-03	2.042644e+01
7.976619242103487e-03	2.015147e+01
7.993756657797588e-03	2.000368e+01
8.008977507322419e-03	1.987283e+01
8.025413584282853e-03	1.973000e+01
8.058285738203722e-03	1.944423e+01
8.097348238203721e-03	1.910089e+01
8.136410738203721e-03	1.875565e+01
8.175473238203720e-03	1.840661e+01
8.214535738203719e-03	1.805577e+01
8.253598238203718e-03	1.770123e+01
8.292660738203717e-03	1.734501e+01
8.331723238203716e-03	1.698520e+01
8.370785738203716e-03	1.662381e+01
8.409848238203715e-03	1.625894e+01
8.448910738203714e-03	1.589259e+01
8.487973238203713e-03	1.552288e+01
8.527035738203712e-03	1.515180e+01
8.566098238203711e-03	1.477747e+01
8.605160738203711e-03	1.440188e+01
8.644223238203710e-03	1.402315e+01
8.683285738203709e-03	1.364329e+01
8.722348238203708e-03	1.326040e+01
8.761410738203707e-03	1.287648e+01
8.800473238203706e-03	1.248965e+01
8.839535738203706e-03	1.210191e+01
8.878598238203705e-03	1.171138e+01
8.917660738203704e-03	1.132006e+01
8.956723238203703e-03	1.092606e+01
8.995785738203702e-03	1.053138e+01
9.034848238203701e-03	1.013415e+01
9.073910738203701e-03	9.736364e+00
9.112973238203700e-03	9.336140e+00
9.152035738203699e-03	8.935482e+00
9.191098238203698e-03	8.532506e+00
9.230160738203697e-03	8.129217e+00
9.269223238203696e-03	7.723732e+00
9.293970887263586e-03	7.467029e+00
9.294500528055329e-03	7.461278e+00
9.295559809638816e-03	7.450256e+00
9.297678372805788e-03	7.428218e+00
9.301915499139734e-03	7.384124e+00
9.307148430448081e-03	7.329655e+00
9.313009397653203e-03	7.268620e+00
9.320210148073840e-03	7.193604e+00
9.329076398679491e-03	7.101182e+00
9.338851222785060e-03	6.999230e+00
9.358400870996198e-03	6.795120e+00
9.394547270539027e-03	6.417071e+00
9.433609770539026e-03	6.007587e+00
9.472672270539025e-03	5.597206e+00
9.511734770539024e-03	5.185975e+00
9.550797270539023e-03	4.773969e+00
9.589859770539022e-03	4.361238e+00
9.628922270539022e-03	3.947856e+00
9.667984770539021e-03	3.533874e+00
9.707047270539020e-03	3.119365e+00
9.746109770539019e-03	2.704381e+00
9.785172270539018e-03	2.288996e+00
9.824234770539017e-03	1.873260e+00
9.863297270539017e-03	1.457248e+00
9.902359770539016e-03	1.041011e+00
9.941422270539015e-03	6.246233e-01
9.980484770539014e-03	2.081355e-01
1.001954727053901e-02	-2.083769e-01
1.005860977053901e-02	-6.248636e-01
1.009767227053901e-02	-1.041249e+00
1.013673477053901e-02	-1.457483e+00
1.017579727053901e-02	-1.873489e+00
1.021485977053901e-02	-2.289218e+00
1.025392227053901e-02	-2.704594e+00
1.029298477053901e-02	-3.119564e+00
1.033204727053901e-02	-3.534046e+00
1.037110977053901e-02	-3.947863e+00
1.039519330885753e-02	-4.202382e+00
1.042108847796545e-02	-4.475193e+00
1.044811102024221e-02	-4.757094e+00
1.048032388675357e-02	-5.082871e+00
1.050880029238080e-02	-5.346102e+00
1.053973191064245e-02	-5.582063e+00
1.057401567690564e-02	-5.771439e+00
1.057889848940564e-02	-5.786961e+00
1.058866411440564e-02	-5.804357e+00
1.060819536440564e-02	-5.822281e+00
1.062936480623672e-02	-5.834717e+00
1.070748980623672e-02	-5.860776e+00
1.075213266337958e-02	-5.869260e+00
1.079677552052243e-02	-5.876853e+00
1.084141837766529e-02	-5.883555e+00
1.088606123480815e-02	-5.889367e+00
1.093070409195100e-02	-5.894287e+00
1.097534694909386e-02	-5.898316e+00
1.101998980623671e-02	-5.901454e+00
1.109811480623671e-02	-5.907178e+00
1.117623980623671e-02	-5.912149e+00
1.118112261873671e-02	-5.912439e+00
1.119088824373671e-02	-5.913013e+00
1.120551520358902e-02	-5.913855e+00
1.122190385897853e-02	-5.914778e+00
1.123873645814258e-02	-5.915702e+00
1.126630642409117e-02	-5.917170e+00
1.129291652683739e-02	-5.918534e+00
1.156635402683738e-02	-5.930269e+00
1.173376474112309e-02	-5.935711e+00
1.190117545540880e-02	-5.940669e+00
1.206858616969451e-02	-5.945142e+00
1.223599688398022e-02	-5.949130e+00
1.240340759826594e-02	-5.952634e+00
1.257081831255165e-02	-5.955653e+00
1.273822902683736e-02	-5.958188e+00
1.306747009826592e-02	-5.962594e+00
1.339671116969449e-02	-5.966286e+00
1.372595224112305e-02	-5.969262e+00
1.405519331255162e-02	-5.971524e+00
1.438443438398018e-02	-5.973071e+00
1.471367545540874e-02	-5.973902e+00
1.504291652683731e-02	-5.974020e+00
1.536099688398016e-02	-5.973761e+00
1.567907724112301e-02	-5.972829e+00
1.599715759826586e-02	-5.971224e+00
1.631523795540871e-02	-5.968946e+00
1.663331831255156e-02	-5.965995e+00
1.695139866969441e-02	-5.962370e+00
1.726947902683726e-02	-5.958073e+00
1.743688974112297e-02	-5.955528e+00
1.760430045540868e-02	-5.952494e+00
1.777171116969439e-02	-5.948971e+00
1.793912188398011e-02	-5.944960e+00
1.810653259826582e-02	-5.940460e+00
1.827394331255153e-02	-5.935471e+00
1.844135402683724e-02	-5.929994e+00
1.871479152683723e-02	-5.918158e+00
1.875385402683723e-02	-5.916117e+00
1.879291652683723e-02	-5.913960e+00
1.880946225167417e-02	-5.913008e+00
1.882180142695648e-02	-5.912282e+00
1.883140877146467e-02	-5.911707e+00
1.884041213698138e-02	-5.911160e+00
1.884979086703863e-02	-5.910582e+00
1.886854832715312e-02	-5.909398e+00
1.890606324738211e-02	-5.906913e+00
1.894512574738211e-02	-5.904139e+00
1.898418824738211e-02	-5.901145e+00
1.902325074738211e-02	-5.897890e+00
1.906231324738211e-02	-5.894326e+00
1.910137574738211e-02	-5.890386e+00
1.914043824738211e-02	-5.885980e+00
1.917950074738211e-02	-5.880978e+00
1.921856324738211e-02	-5.875193e+00
1.925762574738210e-02	-5.868327e+00
1.929668824738210e-02	-5.859873e+00
1.933575074738210e-02	-5.848866e+00
1.937481324738210e-02	-5.832680e+00
1.941387574738210e-02	-5.800900e+00
1.944342211173100e-02	-5.684782e+00
1.947620949530135e-02	-5.468552e+00
1.950303534905628e-02	-5.241185e+00
1.952995546598369e-02	-4.981271e+00
1.954923213917701e-02	-4.784783e+00
1.957238958242974e-02	-4.543870e+00
1.959701516864394e-02	-4.284841e+00
1.962307189281658e-02	-4.009699e+00
1.964362546818556e-02	-3.791987e+00
1.966771329148222e-02	-3.536854e+00
1.969116494155004e-02	-3.287906e+00
1.971927597878230e-02	-2.989609e+00
1.975152505113631e-02	-2.646763e+00
1.979058755113631e-02	-2.231483e+00
1.982965005113631e-02	-1.815540e+00
1.986871255113631e-02	-1.399651e+00
1.990777505113631e-02	-9.832251e-01
1.994683755113631e-02	-5.669774e-01
1.998590005113631e-02	-1.503189e-01
2.002496255113631e-02	2.660366e-01
2.006402505113631e-02	6.826771e-01
2.010308755113631e-02	1.098890e+00
2.014215005113630e-02	1.515261e+00
2.018121255113630e-02	1.931080e+00
2.022027505113630e-02	2.346933e+00
2.025933755113630e-02	2.762107e+00
2.029840005113630e-02	3.177190e+00
2.033746255113630e-02	3.591470e+00
2.037652505113630e-02	4.005533e+00
2.041558755113630e-02	4.418669e+00
2.045465005113630e-02	4.831463e+00
2.049371255113630e-02	5.243207e+00
2.053277505113630e-02	5.654484e+00
2.057183755113630e-02	6.064586e+00
2.061090005113629e-02	6.474098e+00
2.064996255113629e-02	6.882311e+00
2.068902505113629e-02	7.289812e+00
2.069241548994792e-02	7.325035e+00
2.069919636757118e-02	7.395618e+00
2.070582614887677e-02	7.464597e+00
2.071306312967951e-02	7.539855e+00
2.072428722587619e-02	7.656499e+00
2.073521037961538e-02	7.769925e+00
2.075271248197901e-02	7.951474e+00
2.078381726371016e-02	8.273527e+00
2.086194226371016e-02	9.078866e+00
2.095122797799587e-02	9.994283e+00
2.104051369228159e-02	1.090008e+01
2.112979940656730e-02	1.179625e+01
2.121908512085301e-02	1.268280e+01
2.130837083513873e-02	1.355973e+01
2.139765654942444e-02	1.442703e+01
2.148694226371015e-02	1.528472e+01
2.155948690656729e-02	1.597221e+01
2.163203154942443e-02	1.665055e+01
2.170457619228157e-02	1.731972e+01
2.177712083513872e-02	1.797972e+01
2.184966547799586e-02	1.863057e+01
2.192221012085300e-02	1.927225e+01
2.199475476371014e-02	1.990477e+01
2.202530424681061e-02	2.016759e+01
2.202774923764733e-02	2.018847e+01
2.203263921932076e-02	2.023015e+01
2.204241918266762e-02	2.031347e+01
2.205582426845819e-02	2.042616e+01
2.206886769527599e-02	2.052907e+01
2.209206497679083e-02	2.064897e+01
2.211580302809615e-02	2.069980e+01
2.215008294063700e-02	2.073561e+01
2.218531314285673e-02	2.075725e+01
2.222995599999959e-02	2.077316e+01
2.227459885714244e-02	2.078707e+01
2.231924171428530e-02	2.079899e+01
2.236388457142816e-02	2.080892e+01
2.240852742857101e-02	2.081685e+01
2.245317028571387e-02	2.082279e+01
2.249781314285672e-02	2.082673e+01
2.267638457142815e-02	2.084128e+01
2.285495599999958e-02	2.085384e+01
2.303352742857100e-02	2.086440e+01
2.321209885714242e-02	2.087297e+01
2.339067028571385e-02	2.087955e+01
2.356924171428527e-02	2.088413e+01
2.374781314285670e-02	2.088673e+01
2.416633992857098e-02	2.089350e+01
2.458486671428525e-02	2.089749e+01
2.500339349999953e-02	2.089871e+01
2.542192028571381e-02	2.089715e+01
2.584044707142808e-02	2.089281e+01
2.625897385714236e-02	2.088570e+01
2.667750064285664e-02	2.087581e+01
2.681142921428521e-02	2.087263e+01
2.694535778571377e-02	2.086745e+01
2.707928635714234e-02	2.086026e+01
2.721321492857091e-02	2.085106e+01
2.734714349999948e-02	2.083986e+01
2.748107207142805e-02	2.082665e+01
2.761500064285662e-02	2.081143e+01
2.781031314285661e-02	2.075959e+01
2.784937564285661e-02	2.073616e+01
2.788843814285661e-02	2.069356e+01
2.792750064285661e-02	2.055513e+01
2.796656314285661e-02	2.023701e+01
2.799363846162546e-02	2.000533e+01
2.800849467638636e-02	1.987637e+01
2.802197804174610e-02	1.976043e+01
2.803635366230260e-02	1.963482e+01
2.806510490341560e-02	1.938473e+01
2.810416740341560e-02	1.904060e+01
2.814322990341559e-02	1.869515e+01
2.818229240341559e-02	1.834533e+01
2.822135490341559e-02	1.799430e+01
2.826041740341559e-02	1.763901e+01
2.829947990341559e-02	1.728262e+01
2.833854240341559e-02	1.692207e+01
2.837760490341559e-02	1.656052e+01
2.841666740341559e-02	1.619493e+01
2.845572990341559e-02	1.582845e+01
2.849479240341559e-02	1.545804e+01
2.853385490341559e-02	1.508684e+01
2.857291740341559e-02	1.471183e+01
2.861197990341558e-02	1.433615e+01
2.865104240341558e-02	1.395677e+01
2.869010490341558e-02	1.357682e+01
2.872916740341558e-02	1.319329e+01
2.876822990341558e-02	1.280932e+01
2.880729240341558e-02	1.242187e+01
2.884635490341558e-02	1.203409e+01
2.888541740341558e-02	1.164297e+01
2.892447990341558e-02	1.125162e+01
2.896354240341558e-02	1.085705e+01
2.900260490341558e-02	1.046238e+01
2.904166740341558e-02	1.006459e+01
2.908072990341557e-02	9.666827e+00
2.911979240341557e-02	9.266070e+00
2.915885490341557e-02	8.865455e+00
2.919791740341557e-02	8.461968e+00
2.923697990341557e-02	8.058743e+00
2.927604240341557e-02	7.652769e+00
2.929673541408820e-02	7.438410e+00
2.929722506782355e-02	7.432936e+00
2.929820437529424e-02	7.422741e+00
2.930016299023563e-02	7.402366e+00
2.930408022011841e-02	7.361591e+00
2.930961856946023e-02	7.303937e+00
2.931594630453811e-02	7.238026e+00
2.932502304321380e-02	7.143444e+00
2.933616601843956e-02	7.027240e+00
2.934738729879537e-02	6.910143e+00
2.936982985950701e-02	6.675677e+00
2.940889235950701e-02	6.266806e+00
2.944795485950701e-02	5.856981e+00
2.948701735950700e-02	5.446284e+00
2.952607985950700e-02	5.034757e+00
2.956514235950700e-02	4.622482e+00
2.960420485950700e-02	4.209500e+00
2.964326735950700e-02	3.795896e+00
2.968232985950700e-02	3.381708e+00
2.972139235950700e-02	2.967023e+00
2.976045485950700e-02	2.551879e+00
2.979951735950700e-02	2.136363e+00
2.983857985950700e-02	1.720513e+00
2.987764235950700e-02	1.304416e+00
2.991670485950700e-02	8.881117e-01
2.995576735950699e-02	4.716845e-01
2.999482985950699e-02	5.517586e-02
3.003389235950699e-02	-3.613298e-01
3.007295485950699e-02	-7.777911e-01
3.011201735950699e-02	-1.194123e+00
3.015107985950699e-02	-1.610286e+00
3.019014235950699e-02	-2.026193e+00
3.022920485950699e-02	-2.441804e+00
3.026826735950699e-02	-2.857034e+00
3.030732985950699e-02	-3.271838e+00
3.034639235950699e-02	-3.686120e+00
3.037237289949750e-02	-3.961209e+00
3.039699721575585e-02	-4.221437e+00
3.041825757356953e-02	-4.445445e+00
3.044068750099999e-02	-4.680098e+00
3.047962810164086e-02	-5.076035e+00
3.050898415242619e-02	-5.347686e+00
3.054069864835690e-02	-5.588425e+00
3.057511455770548e-02	-5.775455e+00
3.057999737020548e-02	-5.789618e+00
3.058976299520548e-02	-5.805609e+00
3.060929424520548e-02	-5.823036e+00
3.063147161944459e-02	-5.835740e+00
3.070959661944458e-02	-5.861273e+00
3.075423947658744e-02	-5.869667e+00
3.079888233373030e-02	-5.877184e+00
3.084352519087315e-02	-5.883824e+00
3.088816804801601e-02	-5.889588e+00
3.093281090515887e-02	-5.894476e+00
3.097745376230172e-02	-5.898487e+00
3.102209661944458e-02	-5.901621e+00
3.110022161944458e-02	-5.907321e+00
3.117834661944457e-02	-5.912274e+00
3.118322943194457e-02	-5.912563e+00
3.119299505694458e-02	-5.913135e+00
3.120604846515976e-02	-5.913886e+00
3.121888390774696e-02	-5.914609e+00
3.123627581720493e-02	-5.915568e+00
3.126282227568543e-02	-5.916987e+00
3.128776318379392e-02	-5.918273e+00
3.156120068379391e-02	-5.930079e+00
3.172861139807963e-02	-5.935545e+00
3.189602211236534e-02	-5.940524e+00
3.206343282665105e-02	-5.945016e+00
3.223084354093676e-02	-5.949020e+00
3.239825425522247e-02	-5.952537e+00
3.256566496950818e-02	-5.955567e+00
3.273307568379389e-02	-5.958108e+00
3.306231675522246e-02	-5.962529e+00
3.339155782665102e-02	-5.966233e+00
3.372079889807959e-02	-5.969222e+00
3.405003996950814e-02	-5.971496e+00
3.437928104093671e-02	-5.973053e+00
3.470852211236528e-02	-5.973895e+00
3.503776318379384e-02	-5.974021e+00
3.523307568379384e-02	-5.973883e+00
3.542838818379383e-02	-5.973516e+00
3.562370068379383e-02	-5.972920e+00
3.581901318379382e-02	-5.972095e+00
3.601432568379382e-02	-5.971041e+00
3.620963818379382e-02	-5.969758e+00
3.640495068379381e-02	-5.968246e+00
3.663374532665095e-02	-5.966290e+00
3.686253996950808e-02	-5.963800e+00
3.709133461236522e-02	-5.960776e+00
3.732012925522236e-02	-5.957219e+00
3.754892389807950e-02	-5.953128e+00
3.777771854093664e-02	-5.948503e+00
3.800651318379378e-02	-5.943346e+00
3.809579889807949e-02	-5.941068e+00
3.818508461236520e-02	-5.938541e+00
3.827437032665092e-02	-5.935765e+00
3.836365604093663e-02	-5.932740e+00
3.845294175522234e-02	-5.929466e+00
3.854222746950805e-02	-5.925944e+00
3.863151318379376e-02	-5.922172e+00
3.870963818379376e-02	-5.918419e+00
3.874870068379376e-02	-5.916393e+00
3.878776318379376e-02	-5.914252e+00
3.880516263917436e-02	-5.913258e+00
3.882269810348127e-02	-5.912229e+00
3.884265663759030e-02	-5.911023e+00
3.885403427129803e-02	-5.910317e+00
3.886759800351846e-02	-5.909459e+00
3.889472546795932e-02	-5.907681e+00
3.893378796795931e-02	-5.904965e+00
3.897285046795931e-02	-5.902039e+00
3.901191296795931e-02	-5.898864e+00
3.905097546795931e-02	-5.895396e+00
3.909003796795931e-02	-5.891573e+00
3.912910046795931e-02	-5.887313e+00
3.916816296795931e-02	-5.882501e+00
3.920722546795931e-02	-5.876967e+00
3.924628796795931e-02	-5.870455e+00
3.928535046795931e-02	-5.862534e+00
3.932441296795931e-02	-5.852416e+00
3.936347546795931e-02	-5.838142e+00
3.940253796795930e-02	-5.813898e+00
3.944160046795930e-02	-5.694920e+00
3.948066296795930e-02	-5.433670e+00
3.950572742870598e-02	-5.216378e+00
3.953110849952003e-02	-4.969633e+00
3.955199630378293e-02	-4.756298e+00
3.957575851542604e-02	-4.508491e+00
3.960129537915497e-02	-4.239764e+00
3.963827928039555e-02	-3.848657e+00
3.967232820917456e-02	-3.487865e+00
3.971139070917456e-02	-3.073240e+00
3.974476426825895e-02	-2.718742e+00
3.977772617024061e-02	-2.368195e+00
3.981678867024060e-02	-1.952583e+00
3.985585117024060e-02	-1.536550e+00
3.989491367024060e-02	-1.120413e+00
3.993397617024060e-02	-7.039803e-01
3.997303867024060e-02	-2.875695e-01
4.000000000000000e-02	-2.193328e-05
