V1	V(vd1)	I(D1)
-1.000000000000000e+01	-2.271096e+00	-7.728904e-03
-9.990000000000000e+00	-2.271043e+00	-7.718957e-03
-9.980000000000000e+00	-2.270990e+00	-7.709010e-03
-9.970000000000001e+00	-2.270938e+00	-7.699062e-03
-9.960000000000001e+00	-2.270886e+00	-7.689114e-03
-9.949999999999999e+00	-2.270833e+00	-7.679167e-03
-9.940000000000000e+00	-2.270781e+00	-7.669219e-03
-9.930000000000000e+00	-2.270728e+00	-7.659272e-03
-9.920000000000000e+00	-2.270676e+00	-7.649324e-03
-9.910000000000000e+00	-2.270623e+00	-7.639377e-03
-9.900000000000000e+00	-2.270570e+00	-7.629429e-03
-9.890000000000001e+00	-2.270518e+00	-7.619482e-03
-9.880000000000001e+00	-2.270465e+00	-7.609535e-03
-9.869999999999999e+00	-2.270412e+00	-7.599588e-03
-9.859999999999999e+00	-2.270359e+00	-7.589641e-03
-9.850000000000000e+00	-2.270306e+00	-7.579694e-03
-9.840000000000000e+00	-2.270253e+00	-7.569747e-03
-9.830000000000000e+00	-2.270200e+00	-7.559800e-03
-9.820000000000000e+00	-2.270147e+00	-7.549853e-03
-9.810000000000000e+00	-2.270093e+00	-7.539907e-03
-9.800000000000001e+00	-2.270040e+00	-7.529960e-03
-9.789999999999999e+00	-2.269987e+00	-7.520013e-03
-9.779999999999999e+00	-2.269933e+00	-7.510066e-03
-9.770000000000000e+00	-2.269880e+00	-7.500120e-03
-9.760000000000000e+00	-2.269827e+00	-7.490173e-03
-9.750000000000000e+00	-2.269773e+00	-7.480227e-03
-9.740000000000000e+00	-2.269719e+00	-7.470280e-03
-9.730000000000000e+00	-2.269666e+00	-7.460334e-03
-9.720000000000001e+00	-2.269612e+00	-7.450388e-03
-9.710000000000001e+00	-2.269558e+00	-7.440442e-03
-9.699999999999999e+00	-2.269504e+00	-7.430496e-03
-9.690000000000000e+00	-2.269450e+00	-7.420550e-03
-9.680000000000000e+00	-2.269397e+00	-7.410604e-03
-9.670000000000000e+00	-2.269342e+00	-7.400658e-03
-9.660000000000000e+00	-2.269288e+00	-7.390711e-03
-9.650000000000000e+00	-2.269234e+00	-7.380766e-03
-9.640000000000001e+00	-2.269180e+00	-7.370820e-03
-9.630000000000001e+00	-2.269126e+00	-7.360874e-03
-9.619999999999999e+00	-2.269071e+00	-7.350929e-03
-9.609999999999999e+00	-2.269017e+00	-7.340983e-03
-9.600000000000000e+00	-2.268962e+00	-7.331037e-03
-9.590000000000000e+00	-2.268908e+00	-7.321092e-03
-9.580000000000000e+00	-2.268853e+00	-7.311147e-03
-9.570000000000000e+00	-2.268799e+00	-7.301201e-03
-9.560000000000000e+00	-2.268744e+00	-7.291256e-03
-9.550000000000001e+00	-2.268689e+00	-7.281311e-03
-9.539999999999999e+00	-2.268634e+00	-7.271366e-03
-9.529999999999999e+00	-2.268579e+00	-7.261421e-03
-9.520000000000000e+00	-2.268525e+00	-7.251475e-03
-9.510000000000000e+00	-2.268470e+00	-7.241530e-03
-9.500000000000000e+00	-2.268414e+00	-7.231586e-03
-9.490000000000000e+00	-2.268359e+00	-7.221641e-03
-9.480000000000000e+00	-2.268304e+00	-7.211696e-03
-9.470000000000001e+00	-2.268249e+00	-7.201751e-03
-9.460000000000001e+00	-2.268193e+00	-7.191807e-03
-9.449999999999999e+00	-2.268138e+00	-7.181862e-03
-9.440000000000000e+00	-2.268083e+00	-7.171917e-03
-9.430000000000000e+00	-2.268027e+00	-7.161973e-03
-9.420000000000000e+00	-2.267972e+00	-7.152028e-03
-9.410000000000000e+00	-2.267916e+00	-7.142084e-03
-9.400000000000000e+00	-2.267860e+00	-7.132140e-03
-9.390000000000001e+00	-2.267804e+00	-7.122196e-03
-9.380000000000001e+00	-2.267749e+00	-7.112252e-03
-9.369999999999999e+00	-2.267693e+00	-7.102307e-03
-9.359999999999999e+00	-2.267637e+00	-7.092363e-03
-9.350000000000000e+00	-2.267581e+00	-7.082419e-03
-9.340000000000000e+00	-2.267524e+00	-7.072476e-03
-9.330000000000000e+00	-2.267468e+00	-7.062532e-03
-9.320000000000000e+00	-2.267412e+00	-7.052588e-03
-9.310000000000000e+00	-2.267356e+00	-7.042644e-03
-9.300000000000001e+00	-2.267299e+00	-7.032701e-03
-9.289999999999999e+00	-2.267243e+00	-7.022757e-03
-9.279999999999999e+00	-2.267186e+00	-7.012814e-03
-9.270000000000000e+00	-2.267130e+00	-7.002870e-03
-9.260000000000000e+00	-2.267073e+00	-6.992927e-03
-9.250000000000000e+00	-2.267016e+00	-6.982984e-03
-9.240000000000000e+00	-2.266960e+00	-6.973040e-03
-9.230000000000000e+00	-2.266903e+00	-6.963097e-03
-9.220000000000001e+00	-2.266846e+00	-6.953154e-03
-9.210000000000001e+00	-2.266789e+00	-6.943211e-03
-9.199999999999999e+00	-2.266732e+00	-6.933268e-03
-9.190000000000000e+00	-2.266675e+00	-6.923325e-03
-9.180000000000000e+00	-2.266618e+00	-6.913383e-03
-9.170000000000000e+00	-2.266560e+00	-6.903440e-03
-9.160000000000000e+00	-2.266503e+00	-6.893497e-03
-9.150000000000000e+00	-2.266445e+00	-6.883555e-03
-9.140000000000001e+00	-2.266388e+00	-6.873612e-03
-9.130000000000001e+00	-2.266330e+00	-6.863669e-03
-9.119999999999999e+00	-2.266273e+00	-6.853727e-03
-9.109999999999999e+00	-2.266215e+00	-6.843785e-03
-9.100000000000000e+00	-2.266157e+00	-6.833842e-03
-9.090000000000000e+00	-2.266100e+00	-6.823901e-03
-9.080000000000000e+00	-2.266042e+00	-6.813958e-03
-9.070000000000000e+00	-2.265984e+00	-6.804016e-03
-9.060000000000000e+00	-2.265926e+00	-6.794074e-03
-9.050000000000001e+00	-2.265868e+00	-6.784132e-03
-9.039999999999999e+00	-2.265810e+00	-6.774191e-03
-9.029999999999999e+00	-2.265751e+00	-6.764249e-03
-9.020000000000000e+00	-2.265693e+00	-6.754307e-03
-9.010000000000000e+00	-2.265635e+00	-6.744366e-03
-9.000000000000000e+00	-2.265576e+00	-6.734424e-03
-8.990000000000000e+00	-2.265517e+00	-6.724482e-03
-8.980000000000000e+00	-2.265459e+00	-6.714541e-03
-8.970000000000001e+00	-2.265400e+00	-6.704600e-03
-8.960000000000001e+00	-2.265341e+00	-6.694659e-03
-8.949999999999999e+00	-2.265283e+00	-6.684717e-03
-8.940000000000000e+00	-2.265224e+00	-6.674776e-03
-8.930000000000000e+00	-2.265165e+00	-6.664835e-03
-8.920000000000000e+00	-2.265105e+00	-6.654894e-03
-8.910000000000000e+00	-2.265046e+00	-6.644954e-03
-8.900000000000000e+00	-2.264987e+00	-6.635013e-03
-8.890000000000001e+00	-2.264928e+00	-6.625072e-03
-8.879999999999999e+00	-2.264868e+00	-6.615132e-03
-8.869999999999999e+00	-2.264809e+00	-6.605191e-03
-8.859999999999999e+00	-2.264750e+00	-6.595250e-03
-8.850000000000000e+00	-2.264690e+00	-6.585310e-03
-8.840000000000000e+00	-2.264630e+00	-6.575370e-03
-8.830000000000000e+00	-2.264571e+00	-6.565429e-03
-8.820000000000000e+00	-2.264511e+00	-6.555489e-03
-8.810000000000000e+00	-2.264451e+00	-6.545549e-03
-8.800000000000001e+00	-2.264391e+00	-6.535609e-03
-8.789999999999999e+00	-2.264331e+00	-6.525669e-03
-8.779999999999999e+00	-2.264271e+00	-6.515729e-03
-8.770000000000000e+00	-2.264210e+00	-6.505789e-03
-8.760000000000000e+00	-2.264150e+00	-6.495850e-03
-8.750000000000000e+00	-2.264090e+00	-6.485910e-03
-8.740000000000000e+00	-2.264030e+00	-6.475971e-03
-8.730000000000000e+00	-2.263969e+00	-6.466031e-03
-8.720000000000001e+00	-2.263908e+00	-6.456092e-03
-8.710000000000001e+00	-2.263848e+00	-6.446152e-03
-8.699999999999999e+00	-2.263787e+00	-6.436213e-03
-8.690000000000000e+00	-2.263726e+00	-6.426274e-03
-8.680000000000000e+00	-2.263665e+00	-6.416335e-03
-8.670000000000000e+00	-2.263604e+00	-6.406396e-03
-8.660000000000000e+00	-2.263543e+00	-6.396457e-03
-8.650000000000000e+00	-2.263482e+00	-6.386518e-03
-8.640000000000001e+00	-2.263421e+00	-6.376579e-03
-8.629999999999999e+00	-2.263359e+00	-6.366641e-03
-8.619999999999999e+00	-2.263298e+00	-6.356702e-03
-8.609999999999999e+00	-2.263237e+00	-6.346764e-03
-8.600000000000000e+00	-2.263175e+00	-6.336825e-03
-8.590000000000000e+00	-2.263113e+00	-6.326887e-03
-8.580000000000000e+00	-2.263052e+00	-6.316949e-03
-8.570000000000000e+00	-2.262990e+00	-6.307010e-03
-8.560000000000000e+00	-2.262928e+00	-6.297072e-03
-8.550000000000001e+00	-2.262866e+00	-6.287134e-03
-8.539999999999999e+00	-2.262804e+00	-6.277196e-03
-8.529999999999999e+00	-2.262742e+00	-6.267258e-03
-8.520000000000000e+00	-2.262679e+00	-6.257321e-03
-8.510000000000000e+00	-2.262617e+00	-6.247383e-03
-8.500000000000000e+00	-2.262555e+00	-6.237445e-03
-8.490000000000000e+00	-2.262492e+00	-6.227508e-03
-8.480000000000000e+00	-2.262430e+00	-6.217571e-03
-8.470000000000001e+00	-2.262367e+00	-6.207633e-03
-8.460000000000001e+00	-2.262304e+00	-6.197696e-03
-8.449999999999999e+00	-2.262241e+00	-6.187759e-03
-8.440000000000000e+00	-2.262178e+00	-6.177822e-03
-8.430000000000000e+00	-2.262115e+00	-6.167884e-03
-8.420000000000000e+00	-2.262052e+00	-6.157948e-03
-8.410000000000000e+00	-2.261989e+00	-6.148011e-03
-8.400000000000000e+00	-2.261926e+00	-6.138074e-03
-8.390000000000001e+00	-2.261863e+00	-6.128137e-03
-8.379999999999999e+00	-2.261799e+00	-6.118201e-03
-8.369999999999999e+00	-2.261735e+00	-6.108264e-03
-8.359999999999999e+00	-2.261672e+00	-6.098328e-03
-8.350000000000000e+00	-2.261608e+00	-6.088392e-03
-8.340000000000000e+00	-2.261544e+00	-6.078456e-03
-8.330000000000000e+00	-2.261481e+00	-6.068519e-03
-8.320000000000000e+00	-2.261416e+00	-6.058584e-03
-8.310000000000000e+00	-2.261353e+00	-6.048648e-03
-8.300000000000001e+00	-2.261288e+00	-6.038712e-03
-8.289999999999999e+00	-2.261224e+00	-6.028776e-03
-8.279999999999999e+00	-2.261160e+00	-6.018840e-03
-8.270000000000000e+00	-2.261095e+00	-6.008905e-03
-8.260000000000000e+00	-2.261031e+00	-5.998969e-03
-8.250000000000000e+00	-2.260966e+00	-5.989034e-03
-8.240000000000000e+00	-2.260901e+00	-5.979099e-03
-8.230000000000000e+00	-2.260837e+00	-5.969163e-03
-8.220000000000001e+00	-2.260772e+00	-5.959228e-03
-8.210000000000001e+00	-2.260707e+00	-5.949293e-03
-8.199999999999999e+00	-2.260642e+00	-5.939358e-03
-8.190000000000000e+00	-2.260576e+00	-5.929423e-03
-8.180000000000000e+00	-2.260511e+00	-5.919489e-03
-8.170000000000000e+00	-2.260446e+00	-5.909554e-03
-8.160000000000000e+00	-2.260380e+00	-5.899620e-03
-8.150000000000000e+00	-2.260315e+00	-5.889685e-03
-8.140000000000001e+00	-2.260249e+00	-5.879751e-03
-8.129999999999999e+00	-2.260183e+00	-5.869817e-03
-8.119999999999999e+00	-2.260118e+00	-5.859883e-03
-8.109999999999999e+00	-2.260051e+00	-5.849949e-03
-8.100000000000000e+00	-2.259985e+00	-5.840015e-03
-8.090000000000000e+00	-2.259919e+00	-5.830081e-03
-8.080000000000000e+00	-2.259853e+00	-5.820147e-03
-8.070000000000000e+00	-2.259787e+00	-5.810213e-03
-8.060000000000000e+00	-2.259720e+00	-5.800280e-03
-8.050000000000001e+00	-2.259654e+00	-5.790346e-03
-8.039999999999999e+00	-2.259587e+00	-5.780413e-03
-8.029999999999999e+00	-2.259521e+00	-5.770480e-03
-8.020000000000000e+00	-2.259454e+00	-5.760546e-03
-8.010000000000000e+00	-2.259387e+00	-5.750613e-03
-8.000000000000000e+00	-2.259320e+00	-5.740680e-03
-7.990000000000000e+00	-2.259253e+00	-5.730748e-03
-7.980000000000000e+00	-2.259185e+00	-5.720815e-03
-7.970000000000000e+00	-2.259118e+00	-5.710882e-03
-7.960000000000000e+00	-2.259050e+00	-5.700950e-03
-7.950000000000000e+00	-2.258983e+00	-5.691017e-03
-7.940000000000000e+00	-2.258915e+00	-5.681085e-03
-7.930000000000000e+00	-2.258847e+00	-5.671152e-03
-7.920000000000000e+00	-2.258780e+00	-5.661220e-03
-7.910000000000000e+00	-2.258712e+00	-5.651288e-03
-7.900000000000000e+00	-2.258644e+00	-5.641356e-03
-7.890000000000001e+00	-2.258575e+00	-5.631424e-03
-7.880000000000000e+00	-2.258507e+00	-5.621493e-03
-7.870000000000000e+00	-2.258439e+00	-5.611561e-03
-7.859999999999999e+00	-2.258370e+00	-5.601630e-03
-7.850000000000000e+00	-2.258302e+00	-5.591698e-03
-7.840000000000000e+00	-2.258233e+00	-5.581767e-03
-7.830000000000000e+00	-2.258164e+00	-5.571836e-03
-7.820000000000000e+00	-2.258096e+00	-5.561905e-03
-7.810000000000000e+00	-2.258026e+00	-5.551974e-03
-7.800000000000000e+00	-2.257957e+00	-5.542043e-03
-7.790000000000000e+00	-2.257888e+00	-5.532112e-03
-7.779999999999999e+00	-2.257819e+00	-5.522181e-03
-7.770000000000000e+00	-2.257749e+00	-5.512251e-03
-7.760000000000000e+00	-2.257680e+00	-5.502320e-03
-7.750000000000000e+00	-2.257610e+00	-5.492390e-03
-7.740000000000000e+00	-2.257540e+00	-5.482460e-03
-7.730000000000000e+00	-2.257470e+00	-5.472530e-03
-7.720000000000000e+00	-2.257400e+00	-5.462599e-03
-7.710000000000000e+00	-2.257330e+00	-5.452670e-03
-7.699999999999999e+00	-2.257260e+00	-5.442740e-03
-7.690000000000000e+00	-2.257190e+00	-5.432810e-03
-7.680000000000000e+00	-2.257119e+00	-5.422881e-03
-7.670000000000000e+00	-2.257049e+00	-5.412951e-03
-7.660000000000000e+00	-2.256978e+00	-5.403022e-03
-7.650000000000000e+00	-2.256907e+00	-5.393093e-03
-7.640000000000001e+00	-2.256836e+00	-5.383164e-03
-7.630000000000000e+00	-2.256765e+00	-5.373235e-03
-7.620000000000000e+00	-2.256694e+00	-5.363306e-03
-7.609999999999999e+00	-2.256623e+00	-5.353377e-03
-7.600000000000000e+00	-2.256552e+00	-5.343448e-03
-7.590000000000000e+00	-2.256480e+00	-5.333520e-03
-7.580000000000000e+00	-2.256408e+00	-5.323592e-03
-7.570000000000000e+00	-2.256337e+00	-5.313663e-03
-7.560000000000000e+00	-2.256265e+00	-5.303735e-03
-7.550000000000000e+00	-2.256193e+00	-5.293807e-03
-7.540000000000000e+00	-2.256121e+00	-5.283879e-03
-7.529999999999999e+00	-2.256049e+00	-5.273951e-03
-7.520000000000000e+00	-2.255976e+00	-5.264024e-03
-7.510000000000000e+00	-2.255904e+00	-5.254096e-03
-7.500000000000000e+00	-2.255831e+00	-5.244168e-03
-7.490000000000000e+00	-2.255759e+00	-5.234241e-03
-7.480000000000000e+00	-2.255686e+00	-5.224314e-03
-7.470000000000000e+00	-2.255613e+00	-5.214387e-03
-7.460000000000000e+00	-2.255540e+00	-5.204460e-03
-7.449999999999999e+00	-2.255467e+00	-5.194533e-03
-7.440000000000000e+00	-2.255394e+00	-5.184607e-03
-7.430000000000000e+00	-2.255320e+00	-5.174680e-03
-7.420000000000000e+00	-2.255246e+00	-5.164754e-03
-7.410000000000000e+00	-2.255173e+00	-5.154827e-03
-7.400000000000000e+00	-2.255099e+00	-5.144901e-03
-7.390000000000001e+00	-2.255025e+00	-5.134975e-03
-7.380000000000000e+00	-2.254951e+00	-5.125049e-03
-7.370000000000000e+00	-2.254877e+00	-5.115123e-03
-7.359999999999999e+00	-2.254803e+00	-5.105197e-03
-7.350000000000000e+00	-2.254728e+00	-5.095272e-03
-7.340000000000000e+00	-2.254654e+00	-5.085346e-03
-7.330000000000000e+00	-2.254579e+00	-5.075421e-03
-7.320000000000000e+00	-2.254504e+00	-5.065496e-03
-7.310000000000000e+00	-2.254429e+00	-5.055571e-03
-7.300000000000000e+00	-2.254354e+00	-5.045646e-03
-7.290000000000000e+00	-2.254279e+00	-5.035721e-03
-7.279999999999999e+00	-2.254204e+00	-5.025797e-03
-7.270000000000000e+00	-2.254128e+00	-5.015872e-03
-7.260000000000000e+00	-2.254052e+00	-5.005947e-03
-7.250000000000000e+00	-2.253977e+00	-4.996023e-03
-7.240000000000000e+00	-2.253901e+00	-4.986099e-03
-7.230000000000000e+00	-2.253825e+00	-4.976175e-03
-7.220000000000000e+00	-2.253749e+00	-4.966251e-03
-7.210000000000000e+00	-2.253672e+00	-4.956327e-03
-7.199999999999999e+00	-2.253596e+00	-4.946404e-03
-7.190000000000000e+00	-2.253520e+00	-4.936480e-03
-7.180000000000000e+00	-2.253443e+00	-4.926557e-03
-7.170000000000000e+00	-2.253366e+00	-4.916634e-03
-7.160000000000000e+00	-2.253289e+00	-4.906711e-03
-7.150000000000000e+00	-2.253212e+00	-4.896788e-03
-7.140000000000001e+00	-2.253135e+00	-4.886865e-03
-7.130000000000000e+00	-2.253057e+00	-4.876943e-03
-7.120000000000000e+00	-2.252980e+00	-4.867020e-03
-7.109999999999999e+00	-2.252902e+00	-4.857098e-03
-7.100000000000000e+00	-2.252824e+00	-4.847175e-03
-7.090000000000000e+00	-2.252746e+00	-4.837254e-03
-7.080000000000000e+00	-2.252668e+00	-4.827332e-03
-7.070000000000000e+00	-2.252590e+00	-4.817410e-03
-7.060000000000000e+00	-2.252512e+00	-4.807489e-03
-7.050000000000000e+00	-2.252433e+00	-4.797567e-03
-7.040000000000000e+00	-2.252354e+00	-4.787645e-03
-7.029999999999999e+00	-2.252276e+00	-4.777724e-03
-7.020000000000000e+00	-2.252197e+00	-4.767803e-03
-7.010000000000000e+00	-2.252118e+00	-4.757883e-03
-7.000000000000000e+00	-2.252038e+00	-4.747962e-03
-6.990000000000000e+00	-2.251959e+00	-4.738041e-03
-6.980000000000000e+00	-2.251879e+00	-4.728121e-03
-6.970000000000000e+00	-2.251800e+00	-4.718200e-03
-6.960000000000000e+00	-2.251720e+00	-4.708280e-03
-6.949999999999999e+00	-2.251640e+00	-4.698360e-03
-6.940000000000000e+00	-2.251560e+00	-4.688440e-03
-6.930000000000000e+00	-2.251479e+00	-4.678521e-03
-6.920000000000000e+00	-2.251399e+00	-4.668601e-03
-6.910000000000000e+00	-2.251318e+00	-4.658682e-03
-6.900000000000000e+00	-2.251237e+00	-4.648762e-03
-6.890000000000001e+00	-2.251157e+00	-4.638843e-03
-6.880000000000000e+00	-2.251076e+00	-4.628925e-03
-6.870000000000000e+00	-2.250994e+00	-4.619006e-03
-6.859999999999999e+00	-2.250913e+00	-4.609087e-03
-6.850000000000000e+00	-2.250831e+00	-4.599169e-03
-6.840000000000000e+00	-2.250750e+00	-4.589250e-03
-6.830000000000000e+00	-2.250668e+00	-4.579332e-03
-6.820000000000000e+00	-2.250586e+00	-4.569415e-03
-6.810000000000000e+00	-2.250504e+00	-4.559496e-03
-6.800000000000000e+00	-2.250421e+00	-4.549579e-03
-6.790000000000000e+00	-2.250339e+00	-4.539662e-03
-6.779999999999999e+00	-2.250256e+00	-4.529744e-03
-6.770000000000000e+00	-2.250173e+00	-4.519827e-03
-6.760000000000000e+00	-2.250090e+00	-4.509910e-03
-6.750000000000000e+00	-2.250007e+00	-4.499993e-03
-6.740000000000000e+00	-2.249923e+00	-4.490077e-03
-6.730000000000000e+00	-2.249840e+00	-4.480160e-03
-6.720000000000000e+00	-2.249756e+00	-4.470244e-03
-6.710000000000000e+00	-2.249673e+00	-4.460327e-03
-6.699999999999999e+00	-2.249588e+00	-4.450412e-03
-6.690000000000000e+00	-2.249504e+00	-4.440496e-03
-6.680000000000000e+00	-2.249420e+00	-4.430580e-03
-6.670000000000000e+00	-2.249336e+00	-4.420665e-03
-6.660000000000000e+00	-2.249251e+00	-4.410749e-03
-6.650000000000000e+00	-2.249166e+00	-4.400834e-03
-6.640000000000001e+00	-2.249081e+00	-4.390919e-03
-6.630000000000000e+00	-2.248996e+00	-4.381004e-03
-6.620000000000000e+00	-2.248910e+00	-4.371090e-03
-6.609999999999999e+00	-2.248825e+00	-4.361175e-03
-6.600000000000000e+00	-2.248739e+00	-4.351261e-03
-6.590000000000000e+00	-2.248653e+00	-4.341347e-03
-6.580000000000000e+00	-2.248567e+00	-4.331433e-03
-6.570000000000000e+00	-2.248481e+00	-4.321519e-03
-6.560000000000000e+00	-2.248394e+00	-4.311606e-03
-6.550000000000000e+00	-2.248307e+00	-4.301692e-03
-6.540000000000000e+00	-2.248221e+00	-4.291779e-03
-6.529999999999999e+00	-2.248134e+00	-4.281866e-03
-6.520000000000000e+00	-2.248047e+00	-4.271953e-03
-6.510000000000000e+00	-2.247959e+00	-4.262041e-03
-6.500000000000000e+00	-2.247872e+00	-4.252128e-03
-6.490000000000000e+00	-2.247784e+00	-4.242216e-03
-6.480000000000000e+00	-2.247696e+00	-4.232304e-03
-6.470000000000000e+00	-2.247608e+00	-4.222392e-03
-6.460000000000000e+00	-2.247519e+00	-4.212481e-03
-6.449999999999999e+00	-2.247431e+00	-4.202569e-03
-6.440000000000000e+00	-2.247342e+00	-4.192658e-03
-6.430000000000000e+00	-2.247253e+00	-4.182747e-03
-6.420000000000000e+00	-2.247164e+00	-4.172835e-03
-6.410000000000000e+00	-2.247075e+00	-4.162925e-03
-6.400000000000000e+00	-2.246986e+00	-4.153014e-03
-6.390000000000001e+00	-2.246896e+00	-4.143104e-03
-6.380000000000000e+00	-2.246806e+00	-4.133194e-03
-6.370000000000000e+00	-2.246716e+00	-4.123284e-03
-6.359999999999999e+00	-2.246626e+00	-4.113374e-03
-6.350000000000000e+00	-2.246535e+00	-4.103465e-03
-6.340000000000000e+00	-2.246445e+00	-4.093555e-03
-6.330000000000000e+00	-2.246354e+00	-4.083646e-03
-6.320000000000000e+00	-2.246263e+00	-4.073737e-03
-6.310000000000000e+00	-2.246171e+00	-4.063828e-03
-6.300000000000000e+00	-2.246080e+00	-4.053920e-03
-6.290000000000000e+00	-2.245988e+00	-4.044012e-03
-6.279999999999999e+00	-2.245897e+00	-4.034103e-03
-6.270000000000000e+00	-2.245805e+00	-4.024195e-03
-6.260000000000000e+00	-2.245712e+00	-4.014288e-03
-6.250000000000000e+00	-2.245620e+00	-4.004380e-03
-6.240000000000000e+00	-2.245527e+00	-3.994473e-03
-6.230000000000000e+00	-2.245434e+00	-3.984566e-03
-6.220000000000000e+00	-2.245341e+00	-3.974659e-03
-6.210000000000000e+00	-2.245248e+00	-3.964752e-03
-6.199999999999999e+00	-2.245154e+00	-3.954846e-03
-6.190000000000000e+00	-2.245060e+00	-3.944940e-03
-6.180000000000000e+00	-2.244966e+00	-3.935034e-03
-6.170000000000000e+00	-2.244872e+00	-3.925128e-03
-6.160000000000000e+00	-2.244778e+00	-3.915222e-03
-6.150000000000000e+00	-2.244683e+00	-3.905317e-03
-6.140000000000001e+00	-2.244588e+00	-3.895412e-03
-6.130000000000000e+00	-2.244493e+00	-3.885507e-03
-6.120000000000000e+00	-2.244398e+00	-3.875602e-03
-6.109999999999999e+00	-2.244302e+00	-3.865698e-03
-6.100000000000000e+00	-2.244206e+00	-3.855794e-03
-6.090000000000000e+00	-2.244110e+00	-3.845890e-03
-6.080000000000000e+00	-2.244014e+00	-3.835986e-03
-6.070000000000000e+00	-2.243918e+00	-3.826082e-03
-6.060000000000000e+00	-2.243821e+00	-3.816179e-03
-6.050000000000000e+00	-2.243724e+00	-3.806276e-03
-6.040000000000000e+00	-2.243627e+00	-3.796373e-03
-6.029999999999999e+00	-2.243529e+00	-3.786471e-03
-6.020000000000000e+00	-2.243432e+00	-3.776568e-03
-6.010000000000000e+00	-2.243334e+00	-3.766666e-03
-6.000000000000000e+00	-2.243236e+00	-3.756764e-03
-5.990000000000000e+00	-2.243137e+00	-3.746863e-03
-5.980000000000000e+00	-2.243039e+00	-3.736961e-03
-5.970000000000000e+00	-2.242940e+00	-3.727060e-03
-5.960000000000000e+00	-2.242841e+00	-3.717159e-03
-5.950000000000000e+00	-2.242742e+00	-3.707258e-03
-5.940000000000000e+00	-2.242642e+00	-3.697358e-03
-5.930000000000000e+00	-2.242542e+00	-3.687458e-03
-5.920000000000000e+00	-2.242442e+00	-3.677558e-03
-5.910000000000000e+00	-2.242342e+00	-3.667658e-03
-5.900000000000000e+00	-2.242241e+00	-3.657759e-03
-5.890000000000000e+00	-2.242141e+00	-3.647859e-03
-5.880000000000000e+00	-2.242039e+00	-3.637961e-03
-5.870000000000000e+00	-2.241938e+00	-3.628062e-03
-5.860000000000000e+00	-2.241837e+00	-3.618164e-03
-5.850000000000000e+00	-2.241735e+00	-3.608265e-03
-5.840000000000000e+00	-2.241632e+00	-3.598368e-03
-5.830000000000000e+00	-2.241530e+00	-3.588470e-03
-5.820000000000000e+00	-2.241427e+00	-3.578573e-03
-5.810000000000000e+00	-2.241325e+00	-3.568675e-03
-5.800000000000000e+00	-2.241221e+00	-3.558779e-03
-5.790000000000000e+00	-2.241118e+00	-3.548882e-03
-5.780000000000000e+00	-2.241014e+00	-3.538986e-03
-5.770000000000000e+00	-2.240910e+00	-3.529090e-03
-5.760000000000000e+00	-2.240806e+00	-3.519194e-03
-5.750000000000000e+00	-2.240701e+00	-3.509299e-03
-5.740000000000000e+00	-2.240597e+00	-3.499403e-03
-5.730000000000000e+00	-2.240492e+00	-3.489509e-03
-5.720000000000000e+00	-2.240386e+00	-3.479614e-03
-5.710000000000000e+00	-2.240281e+00	-3.469720e-03
-5.700000000000000e+00	-2.240175e+00	-3.459825e-03
-5.690000000000000e+00	-2.240068e+00	-3.449932e-03
-5.680000000000000e+00	-2.239962e+00	-3.440038e-03
-5.670000000000000e+00	-2.239855e+00	-3.430145e-03
-5.660000000000000e+00	-2.239748e+00	-3.420252e-03
-5.649999999999999e+00	-2.239641e+00	-3.410359e-03
-5.640000000000000e+00	-2.239533e+00	-3.400467e-03
-5.630000000000000e+00	-2.239425e+00	-3.390575e-03
-5.620000000000000e+00	-2.239317e+00	-3.380683e-03
-5.610000000000000e+00	-2.239208e+00	-3.370792e-03
-5.600000000000000e+00	-2.239099e+00	-3.360901e-03
-5.590000000000000e+00	-2.238990e+00	-3.351010e-03
-5.580000000000000e+00	-2.238881e+00	-3.341119e-03
-5.570000000000000e+00	-2.238771e+00	-3.331229e-03
-5.560000000000000e+00	-2.238661e+00	-3.321339e-03
-5.550000000000000e+00	-2.238550e+00	-3.311449e-03
-5.540000000000000e+00	-2.238440e+00	-3.301560e-03
-5.530000000000000e+00	-2.238329e+00	-3.291671e-03
-5.520000000000000e+00	-2.238217e+00	-3.281783e-03
-5.510000000000000e+00	-2.238106e+00	-3.271894e-03
-5.500000000000000e+00	-2.237994e+00	-3.262006e-03
-5.490000000000000e+00	-2.237882e+00	-3.252118e-03
-5.480000000000000e+00	-2.237769e+00	-3.242231e-03
-5.470000000000000e+00	-2.237656e+00	-3.232344e-03
-5.460000000000000e+00	-2.237543e+00	-3.222457e-03
-5.450000000000000e+00	-2.237429e+00	-3.212571e-03
-5.440000000000000e+00	-2.237315e+00	-3.202685e-03
-5.430000000000000e+00	-2.237201e+00	-3.192799e-03
-5.420000000000000e+00	-2.237086e+00	-3.182914e-03
-5.410000000000000e+00	-2.236971e+00	-3.173029e-03
-5.399999999999999e+00	-2.236856e+00	-3.163144e-03
-5.390000000000000e+00	-2.236741e+00	-3.153259e-03
-5.380000000000000e+00	-2.236625e+00	-3.143375e-03
-5.370000000000000e+00	-2.236508e+00	-3.133492e-03
-5.360000000000000e+00	-2.236392e+00	-3.123608e-03
-5.350000000000000e+00	-2.236275e+00	-3.113725e-03
-5.340000000000000e+00	-2.236157e+00	-3.103843e-03
-5.330000000000000e+00	-2.236040e+00	-3.093960e-03
-5.320000000000000e+00	-2.235921e+00	-3.084078e-03
-5.310000000000000e+00	-2.235803e+00	-3.074197e-03
-5.300000000000000e+00	-2.235684e+00	-3.064316e-03
-5.290000000000000e+00	-2.235565e+00	-3.054435e-03
-5.280000000000000e+00	-2.235445e+00	-3.044554e-03
-5.270000000000000e+00	-2.235326e+00	-3.034674e-03
-5.260000000000000e+00	-2.235205e+00	-3.024795e-03
-5.250000000000000e+00	-2.235085e+00	-3.014915e-03
-5.240000000000000e+00	-2.234964e+00	-3.005036e-03
-5.230000000000000e+00	-2.234842e+00	-2.995158e-03
-5.220000000000000e+00	-2.234720e+00	-2.985280e-03
-5.210000000000000e+00	-2.234598e+00	-2.975402e-03
-5.200000000000000e+00	-2.234476e+00	-2.965524e-03
-5.190000000000000e+00	-2.234353e+00	-2.955647e-03
-5.180000000000000e+00	-2.234229e+00	-2.945771e-03
-5.170000000000000e+00	-2.234106e+00	-2.935894e-03
-5.160000000000000e+00	-2.233982e+00	-2.926019e-03
-5.149999999999999e+00	-2.233857e+00	-2.916143e-03
-5.140000000000000e+00	-2.233732e+00	-2.906268e-03
-5.130000000000000e+00	-2.233607e+00	-2.896393e-03
-5.120000000000000e+00	-2.233481e+00	-2.886519e-03
-5.110000000000000e+00	-2.233355e+00	-2.876645e-03
-5.100000000000000e+00	-2.233228e+00	-2.866772e-03
-5.090000000000000e+00	-2.233101e+00	-2.856899e-03
-5.080000000000000e+00	-2.232974e+00	-2.847026e-03
-5.070000000000000e+00	-2.232846e+00	-2.837154e-03
-5.060000000000000e+00	-2.232718e+00	-2.827283e-03
-5.050000000000000e+00	-2.232589e+00	-2.817411e-03
-5.040000000000000e+00	-2.232460e+00	-2.807541e-03
-5.030000000000000e+00	-2.232330e+00	-2.797670e-03
-5.020000000000000e+00	-2.232200e+00	-2.787800e-03
-5.010000000000000e+00	-2.232069e+00	-2.777931e-03
-5.000000000000000e+00	-2.231938e+00	-2.768062e-03
-4.990000000000000e+00	-2.231807e+00	-2.758193e-03
-4.980000000000000e+00	-2.231675e+00	-2.748325e-03
-4.970000000000000e+00	-2.231543e+00	-2.738457e-03
-4.960000000000000e+00	-2.231410e+00	-2.728590e-03
-4.950000000000000e+00	-2.231277e+00	-2.718723e-03
-4.940000000000000e+00	-2.231143e+00	-2.708857e-03
-4.930000000000000e+00	-2.231009e+00	-2.698991e-03
-4.920000000000000e+00	-2.230874e+00	-2.689126e-03
-4.910000000000000e+00	-2.230739e+00	-2.679261e-03
-4.899999999999999e+00	-2.230603e+00	-2.669397e-03
-4.890000000000000e+00	-2.230467e+00	-2.659533e-03
-4.880000000000000e+00	-2.230331e+00	-2.649669e-03
-4.870000000000000e+00	-2.230194e+00	-2.639806e-03
-4.860000000000000e+00	-2.230056e+00	-2.629944e-03
-4.850000000000000e+00	-2.229918e+00	-2.620082e-03
-4.840000000000000e+00	-2.229779e+00	-2.610221e-03
-4.830000000000000e+00	-2.229640e+00	-2.600360e-03
-4.820000000000000e+00	-2.229501e+00	-2.590499e-03
-4.810000000000000e+00	-2.229361e+00	-2.580639e-03
-4.800000000000000e+00	-2.229220e+00	-2.570780e-03
-4.790000000000000e+00	-2.229079e+00	-2.560921e-03
-4.780000000000000e+00	-2.228937e+00	-2.551063e-03
-4.770000000000000e+00	-2.228795e+00	-2.541205e-03
-4.760000000000000e+00	-2.228652e+00	-2.531348e-03
-4.750000000000000e+00	-2.228508e+00	-2.521491e-03
-4.740000000000000e+00	-2.228365e+00	-2.511635e-03
-4.730000000000000e+00	-2.228220e+00	-2.501780e-03
-4.720000000000000e+00	-2.228075e+00	-2.491925e-03
-4.710000000000000e+00	-2.227930e+00	-2.482070e-03
-4.700000000000000e+00	-2.227783e+00	-2.472216e-03
-4.690000000000000e+00	-2.227637e+00	-2.462363e-03
-4.680000000000000e+00	-2.227489e+00	-2.452510e-03
-4.670000000000000e+00	-2.227342e+00	-2.442658e-03
-4.660000000000000e+00	-2.227193e+00	-2.432807e-03
-4.649999999999999e+00	-2.227044e+00	-2.422956e-03
-4.640000000000000e+00	-2.226895e+00	-2.413105e-03
-4.630000000000000e+00	-2.226744e+00	-2.403256e-03
-4.620000000000000e+00	-2.226593e+00	-2.393407e-03
-4.610000000000000e+00	-2.226442e+00	-2.383558e-03
-4.600000000000000e+00	-2.226290e+00	-2.373710e-03
-4.590000000000000e+00	-2.226137e+00	-2.363863e-03
-4.580000000000000e+00	-2.225984e+00	-2.354016e-03
-4.570000000000000e+00	-2.225830e+00	-2.344170e-03
-4.560000000000000e+00	-2.225675e+00	-2.334325e-03
-4.550000000000000e+00	-2.225520e+00	-2.324480e-03
-4.540000000000000e+00	-2.225364e+00	-2.314636e-03
-4.530000000000000e+00	-2.225208e+00	-2.304792e-03
-4.520000000000000e+00	-2.225051e+00	-2.294949e-03
-4.510000000000000e+00	-2.224893e+00	-2.285107e-03
-4.500000000000000e+00	-2.224734e+00	-2.275266e-03
-4.490000000000000e+00	-2.224575e+00	-2.265425e-03
-4.480000000000000e+00	-2.224415e+00	-2.255585e-03
-4.470000000000000e+00	-2.224254e+00	-2.245746e-03
-4.460000000000000e+00	-2.224093e+00	-2.235907e-03
-4.450000000000000e+00	-2.223931e+00	-2.226069e-03
-4.440000000000000e+00	-2.223768e+00	-2.216232e-03
-4.430000000000000e+00	-2.223605e+00	-2.206395e-03
-4.420000000000000e+00	-2.223441e+00	-2.196559e-03
-4.410000000000000e+00	-2.223276e+00	-2.186724e-03
-4.399999999999999e+00	-2.223110e+00	-2.176890e-03
-4.390000000000000e+00	-2.222944e+00	-2.167056e-03
-4.380000000000000e+00	-2.222777e+00	-2.157223e-03
-4.370000000000000e+00	-2.222609e+00	-2.147391e-03
-4.360000000000000e+00	-2.222440e+00	-2.137560e-03
-4.350000000000000e+00	-2.222271e+00	-2.127729e-03
-4.340000000000000e+00	-2.222100e+00	-2.117899e-03
-4.330000000000000e+00	-2.221930e+00	-2.108070e-03
-4.320000000000000e+00	-2.221758e+00	-2.098242e-03
-4.310000000000000e+00	-2.221585e+00	-2.088415e-03
-4.300000000000000e+00	-2.221412e+00	-2.078588e-03
-4.290000000000000e+00	-2.221237e+00	-2.068762e-03
-4.280000000000000e+00	-2.221062e+00	-2.058937e-03
-4.270000000000000e+00	-2.220886e+00	-2.049113e-03
-4.260000000000000e+00	-2.220710e+00	-2.039290e-03
-4.250000000000000e+00	-2.220532e+00	-2.029468e-03
-4.240000000000000e+00	-2.220354e+00	-2.019646e-03
-4.230000000000000e+00	-2.220174e+00	-2.009826e-03
-4.220000000000000e+00	-2.219994e+00	-2.000006e-03
-4.210000000000000e+00	-2.219813e+00	-1.990187e-03
-4.200000000000000e+00	-2.219631e+00	-1.980369e-03
-4.190000000000000e+00	-2.219448e+00	-1.970552e-03
-4.180000000000000e+00	-2.219264e+00	-1.960736e-03
-4.170000000000000e+00	-2.219079e+00	-1.950921e-03
-4.160000000000000e+00	-2.218894e+00	-1.941106e-03
-4.149999999999999e+00	-2.218707e+00	-1.931293e-03
-4.140000000000000e+00	-2.218519e+00	-1.921481e-03
-4.130000000000000e+00	-2.218331e+00	-1.911669e-03
-4.120000000000000e+00	-2.218141e+00	-1.901859e-03
-4.110000000000000e+00	-2.217951e+00	-1.892049e-03
-4.100000000000000e+00	-2.217759e+00	-1.882241e-03
-4.090000000000000e+00	-2.217566e+00	-1.872434e-03
-4.080000000000000e+00	-2.217373e+00	-1.862627e-03
-4.070000000000000e+00	-2.217178e+00	-1.852822e-03
-4.060000000000000e+00	-2.216982e+00	-1.843018e-03
-4.050000000000000e+00	-2.216786e+00	-1.833214e-03
-4.040000000000000e+00	-2.216588e+00	-1.823412e-03
-4.030000000000000e+00	-2.216389e+00	-1.813611e-03
-4.020000000000000e+00	-2.216189e+00	-1.803811e-03
-4.010000000000000e+00	-2.215988e+00	-1.794012e-03
-4.000000000000000e+00	-2.215786e+00	-1.784215e-03
-3.990000000000000e+00	-2.215582e+00	-1.774418e-03
-3.980000000000000e+00	-2.215378e+00	-1.764622e-03
-3.970000000000000e+00	-2.215172e+00	-1.754828e-03
-3.960000000000000e+00	-2.214965e+00	-1.745035e-03
-3.950000000000000e+00	-2.214757e+00	-1.735243e-03
-3.940000000000000e+00	-2.214548e+00	-1.725452e-03
-3.930000000000000e+00	-2.214337e+00	-1.715663e-03
-3.920000000000000e+00	-2.214126e+00	-1.705874e-03
-3.910000000000000e+00	-2.213912e+00	-1.696087e-03
-3.899999999999999e+00	-2.213698e+00	-1.686302e-03
-3.890000000000000e+00	-2.213483e+00	-1.676517e-03
-3.880000000000000e+00	-2.213266e+00	-1.666734e-03
-3.870000000000000e+00	-2.213048e+00	-1.656952e-03
-3.859999999999999e+00	-2.212828e+00	-1.647172e-03
-3.850000000000000e+00	-2.212608e+00	-1.637392e-03
-3.840000000000000e+00	-2.212385e+00	-1.627614e-03
-3.830000000000000e+00	-2.212162e+00	-1.617838e-03
-3.820000000000000e+00	-2.211937e+00	-1.608063e-03
-3.810000000000000e+00	-2.211711e+00	-1.598289e-03
-3.800000000000000e+00	-2.211483e+00	-1.588517e-03
-3.790000000000000e+00	-2.211254e+00	-1.578746e-03
-3.780000000000000e+00	-2.211023e+00	-1.568977e-03
-3.770000000000000e+00	-2.210791e+00	-1.559209e-03
-3.760000000000000e+00	-2.210557e+00	-1.549443e-03
-3.750000000000000e+00	-2.210322e+00	-1.539678e-03
-3.740000000000000e+00	-2.210085e+00	-1.529915e-03
-3.730000000000000e+00	-2.209847e+00	-1.520153e-03
-3.720000000000000e+00	-2.209607e+00	-1.510393e-03
-3.710000000000000e+00	-2.209365e+00	-1.500635e-03
-3.700000000000000e+00	-2.209122e+00	-1.490878e-03
-3.690000000000000e+00	-2.208877e+00	-1.481123e-03
-3.680000000000000e+00	-2.208630e+00	-1.471370e-03
-3.670000000000000e+00	-2.208382e+00	-1.461618e-03
-3.660000000000000e+00	-2.208132e+00	-1.451868e-03
-3.649999999999999e+00	-2.207880e+00	-1.442120e-03
-3.640000000000000e+00	-2.207627e+00	-1.432373e-03
-3.630000000000000e+00	-2.207371e+00	-1.422629e-03
-3.620000000000000e+00	-2.207114e+00	-1.412886e-03
-3.609999999999999e+00	-2.206855e+00	-1.403145e-03
-3.600000000000000e+00	-2.206594e+00	-1.393406e-03
-3.590000000000000e+00	-2.206331e+00	-1.383669e-03
-3.580000000000000e+00	-2.206066e+00	-1.373934e-03
-3.570000000000000e+00	-2.205799e+00	-1.364201e-03
-3.560000000000000e+00	-2.205530e+00	-1.354470e-03
-3.550000000000000e+00	-2.205259e+00	-1.344741e-03
-3.540000000000000e+00	-2.204986e+00	-1.335014e-03
-3.530000000000000e+00	-2.204711e+00	-1.325289e-03
-3.520000000000000e+00	-2.204434e+00	-1.315566e-03
-3.510000000000000e+00	-2.204154e+00	-1.305846e-03
-3.500000000000000e+00	-2.203872e+00	-1.296128e-03
-3.490000000000000e+00	-2.203588e+00	-1.286412e-03
-3.480000000000000e+00	-2.203302e+00	-1.276698e-03
-3.470000000000000e+00	-2.203014e+00	-1.266986e-03
-3.460000000000000e+00	-2.202723e+00	-1.257277e-03
-3.450000000000000e+00	-2.202429e+00	-1.247571e-03
-3.440000000000000e+00	-2.202134e+00	-1.237866e-03
-3.430000000000000e+00	-2.201835e+00	-1.228165e-03
-3.420000000000000e+00	-2.201535e+00	-1.218466e-03
-3.410000000000000e+00	-2.201231e+00	-1.208769e-03
-3.399999999999999e+00	-2.200925e+00	-1.199075e-03
-3.390000000000000e+00	-2.200616e+00	-1.189384e-03
-3.380000000000000e+00	-2.200305e+00	-1.179695e-03
-3.370000000000000e+00	-2.199991e+00	-1.170009e-03
-3.359999999999999e+00	-2.199674e+00	-1.160326e-03
-3.350000000000000e+00	-2.199354e+00	-1.150646e-03
-3.340000000000000e+00	-2.199031e+00	-1.140969e-03
-3.330000000000000e+00	-2.198705e+00	-1.131295e-03
-3.320000000000000e+00	-2.198376e+00	-1.121624e-03
-3.310000000000000e+00	-2.198045e+00	-1.111955e-03
-3.300000000000000e+00	-2.197709e+00	-1.102291e-03
-3.290000000000000e+00	-2.197371e+00	-1.092629e-03
-3.280000000000000e+00	-2.197030e+00	-1.082970e-03
-3.270000000000000e+00	-2.196685e+00	-1.073315e-03
-3.260000000000000e+00	-2.196337e+00	-1.063664e-03
-3.250000000000000e+00	-2.195985e+00	-1.054015e-03
-3.240000000000000e+00	-2.195629e+00	-1.044371e-03
-3.230000000000000e+00	-2.195270e+00	-1.034730e-03
-3.220000000000000e+00	-2.194908e+00	-1.025092e-03
-3.210000000000000e+00	-2.194541e+00	-1.015459e-03
-3.200000000000000e+00	-2.194171e+00	-1.005829e-03
-3.190000000000000e+00	-2.193797e+00	-9.962032e-04
-3.180000000000000e+00	-2.193419e+00	-9.865814e-04
-3.170000000000000e+00	-2.193036e+00	-9.769638e-04
-3.160000000000000e+00	-2.192650e+00	-9.673503e-04
-3.149999999999999e+00	-2.192259e+00	-9.577411e-04
-3.140000000000000e+00	-2.191864e+00	-9.481363e-04
-3.130000000000000e+00	-2.191464e+00	-9.385361e-04
-3.120000000000000e+00	-2.191060e+00	-9.289404e-04
-3.109999999999999e+00	-2.190651e+00	-9.193494e-04
-3.100000000000000e+00	-2.190237e+00	-9.097633e-04
-3.090000000000000e+00	-2.189818e+00	-9.001820e-04
-3.080000000000000e+00	-2.189394e+00	-8.906059e-04
-3.070000000000000e+00	-2.188965e+00	-8.810348e-04
-3.060000000000000e+00	-2.188531e+00	-8.714691e-04
-3.050000000000000e+00	-2.188091e+00	-8.619088e-04
-3.040000000000000e+00	-2.187646e+00	-8.523541e-04
-3.030000000000000e+00	-2.187195e+00	-8.428051e-04
-3.020000000000000e+00	-2.186738e+00	-8.332620e-04
-3.010000000000000e+00	-2.186275e+00	-8.237249e-04
-3.000000000000000e+00	-2.185806e+00	-8.141940e-04
-2.990000000000000e+00	-2.185331e+00	-8.046693e-04
-2.980000000000000e+00	-2.184849e+00	-7.951513e-04
-2.970000000000000e+00	-2.184360e+00	-7.856399e-04
-2.960000000000000e+00	-2.183865e+00	-7.761354e-04
-2.950000000000000e+00	-2.183362e+00	-7.666380e-04
-2.940000000000000e+00	-2.182852e+00	-7.571478e-04
-2.930000000000000e+00	-2.182335e+00	-7.476652e-04
-2.920000000000000e+00	-2.181810e+00	-7.381903e-04
-2.910000000000000e+00	-2.181277e+00	-7.287234e-04
-2.899999999999999e+00	-2.180735e+00	-7.192646e-04
-2.890000000000000e+00	-2.180186e+00	-7.098143e-04
-2.880000000000000e+00	-2.179627e+00	-7.003727e-04
-2.870000000000000e+00	-2.179060e+00	-6.909401e-04
-2.859999999999999e+00	-2.178483e+00	-6.815167e-04
-2.850000000000000e+00	-2.177897e+00	-6.721030e-04
-2.840000000000000e+00	-2.177301e+00	-6.626991e-04
-2.830000000000000e+00	-2.176694e+00	-6.533055e-04
-2.820000000000000e+00	-2.176078e+00	-6.439225e-04
-2.810000000000000e+00	-2.175450e+00	-6.345504e-04
-2.800000000000000e+00	-2.174810e+00	-6.251897e-04
-2.790000000000000e+00	-2.174159e+00	-6.158408e-04
-2.780000000000000e+00	-2.173496e+00	-6.065040e-04
-2.770000000000000e+00	-2.172820e+00	-5.971799e-04
-2.760000000000000e+00	-2.172131e+00	-5.878689e-04
-2.750000000000000e+00	-2.171428e+00	-5.785716e-04
-2.740000000000000e+00	-2.170712e+00	-5.692884e-04
-2.730000000000000e+00	-2.169980e+00	-5.600200e-04
-2.720000000000000e+00	-2.169233e+00	-5.507669e-04
-2.710000000000000e+00	-2.168470e+00	-5.415299e-04
-2.700000000000000e+00	-2.167691e+00	-5.323094e-04
-2.690000000000000e+00	-2.166894e+00	-5.231064e-04
-2.680000000000000e+00	-2.166079e+00	-5.139214e-04
-2.670000000000000e+00	-2.165245e+00	-5.047555e-04
-2.660000000000000e+00	-2.164391e+00	-4.956095e-04
-2.649999999999999e+00	-2.163516e+00	-4.864841e-04
-2.640000000000000e+00	-2.162619e+00	-4.773806e-04
-2.630000000000000e+00	-2.161700e+00	-4.682999e-04
-2.620000000000000e+00	-2.160757e+00	-4.592432e-04
-2.609999999999999e+00	-2.159788e+00	-4.502117e-04
-2.600000000000000e+00	-2.158793e+00	-4.412068e-04
-2.590000000000000e+00	-2.157770e+00	-4.322298e-04
-2.580000000000000e+00	-2.156718e+00	-4.232823e-04
-2.570000000000000e+00	-2.155634e+00	-4.143659e-04
-2.560000000000000e+00	-2.154517e+00	-4.054825e-04
-2.550000000000000e+00	-2.153366e+00	-3.966340e-04
-2.540000000000000e+00	-2.152178e+00	-3.878225e-04
-2.530000000000000e+00	-2.150950e+00	-3.790504e-04
-2.520000000000000e+00	-2.149680e+00	-3.703201e-04
-2.510000000000000e+00	-2.148366e+00	-3.616343e-04
-2.500000000000000e+00	-2.147004e+00	-3.529962e-04
-2.490000000000000e+00	-2.145591e+00	-3.444090e-04
-2.480000000000000e+00	-2.144124e+00	-3.358763e-04
-2.470000000000000e+00	-2.142598e+00	-3.274021e-04
-2.460000000000000e+00	-2.141009e+00	-3.189909e-04
-2.450000000000000e+00	-2.139352e+00	-3.106477e-04
-2.440000000000000e+00	-2.137622e+00	-3.023777e-04
-2.430000000000000e+00	-2.135813e+00	-2.941871e-04
-2.420000000000000e+00	-2.133917e+00	-2.860826e-04
-2.410000000000000e+00	-2.131928e+00	-2.780719e-04
-2.399999999999999e+00	-2.129837e+00	-2.701634e-04
-2.390000000000000e+00	-2.127633e+00	-2.623666e-04
-2.380000000000000e+00	-2.125308e+00	-2.546923e-04
-2.370000000000000e+00	-2.122848e+00	-2.471525e-04
-2.359999999999999e+00	-2.120239e+00	-2.397608e-04
-2.350000000000000e+00	-2.117467e+00	-2.325327e-04
-2.340000000000000e+00	-2.114515e+00	-2.254853e-04
-2.330000000000000e+00	-2.111362e+00	-2.186382e-04
-2.320000000000000e+00	-2.107987e+00	-2.120132e-04
-2.310000000000000e+00	-2.104366e+00	-2.056345e-04
-2.300000000000000e+00	-2.100471e+00	-1.995286e-04
-2.290000000000000e+00	-2.096275e+00	-1.937246e-04
-2.280000000000000e+00	-2.091747e+00	-1.882529e-04
-2.270000000000000e+00	-2.086855e+00	-1.831448e-04
-2.260000000000000e+00	-2.081569e+00	-1.784310e-04
-2.250000000000000e+00	-2.075861e+00	-1.741389e-04
-2.240000000000000e+00	-2.069710e+00	-1.702905e-04
-2.230000000000000e+00	-2.063101e+00	-1.668989e-04
-2.220000000000000e+00	-2.056034e+00	-1.639656e-04
-2.210000000000000e+00	-2.048522e+00	-1.614786e-04
-2.200000000000000e+00	-2.040588e+00	-1.594123e-04
-2.190000000000000e+00	-2.032271e+00	-1.577292e-04
-2.180000000000000e+00	-2.023616e+00	-1.563836e-04
-2.170000000000000e+00	-2.014674e+00	-1.553257e-04
-2.160000000000000e+00	-2.005494e+00	-1.545062e-04
-2.149999999999999e+00	-1.996121e+00	-1.538790e-04
-2.140000000000000e+00	-1.986596e+00	-1.534039e-04
-2.130000000000000e+00	-1.976953e+00	-1.530468e-04
-2.120000000000000e+00	-1.967220e+00	-1.527800e-04
-2.109999999999999e+00	-1.957418e+00	-1.525818e-04
-2.100000000000000e+00	-1.947565e+00	-1.524350e-04
-2.090000000000000e+00	-1.937673e+00	-1.523266e-04
-2.080000000000000e+00	-1.927753e+00	-1.522467e-04
-2.069999999999999e+00	-1.917812e+00	-1.521879e-04
-2.060000000000000e+00	-1.907855e+00	-1.521446e-04
-2.050000000000000e+00	-1.897887e+00	-1.521129e-04
-2.040000000000000e+00	-1.887910e+00	-1.520896e-04
-2.030000000000000e+00	-1.877928e+00	-1.520725e-04
-2.020000000000000e+00	-1.867940e+00	-1.520599e-04
-2.010000000000000e+00	-1.857949e+00	-1.520508e-04
-2.000000000000000e+00	-1.847956e+00	-1.520440e-04
-1.990000000000000e+00	-1.837961e+00	-1.520391e-04
-1.980000000000000e+00	-1.827965e+00	-1.520355e-04
-1.970000000000001e+00	-1.817967e+00	-1.520328e-04
-1.959999999999999e+00	-1.807969e+00	-1.520309e-04
-1.949999999999999e+00	-1.797971e+00	-1.520294e-04
-1.940000000000000e+00	-1.787972e+00	-1.520284e-04
-1.930000000000000e+00	-1.777972e+00	-1.520276e-04
-1.920000000000000e+00	-1.767973e+00	-1.520271e-04
-1.910000000000000e+00	-1.757973e+00	-1.520267e-04
-1.900000000000000e+00	-1.747974e+00	-1.520264e-04
-1.890000000000001e+00	-1.737974e+00	-1.520261e-04
-1.879999999999999e+00	-1.727974e+00	-1.520260e-04
-1.869999999999999e+00	-1.717974e+00	-1.520259e-04
-1.859999999999999e+00	-1.707974e+00	-1.520258e-04
-1.850000000000000e+00	-1.697974e+00	-1.520257e-04
-1.840000000000000e+00	-1.687974e+00	-1.520257e-04
-1.830000000000000e+00	-1.677974e+00	-1.520256e-04
-1.820000000000000e+00	-1.667974e+00	-1.520256e-04
-1.810000000000000e+00	-1.657974e+00	-1.520256e-04
-1.800000000000001e+00	-1.647974e+00	-1.520256e-04
-1.789999999999999e+00	-1.637974e+00	-1.520256e-04
-1.779999999999999e+00	-1.627974e+00	-1.520255e-04
-1.770000000000000e+00	-1.617974e+00	-1.520255e-04
-1.760000000000000e+00	-1.607974e+00	-1.520255e-04
-1.750000000000000e+00	-1.597974e+00	-1.520255e-04
-1.740000000000000e+00	-1.587974e+00	-1.520255e-04
-1.730000000000000e+00	-1.577974e+00	-1.520255e-04
-1.720000000000001e+00	-1.567974e+00	-1.520255e-04
-1.709999999999999e+00	-1.557974e+00	-1.520255e-04
-1.699999999999999e+00	-1.547974e+00	-1.520255e-04
-1.690000000000000e+00	-1.537974e+00	-1.520255e-04
-1.680000000000000e+00	-1.527974e+00	-1.520255e-04
-1.670000000000000e+00	-1.517974e+00	-1.520255e-04
-1.660000000000000e+00	-1.507975e+00	-1.520255e-04
-1.650000000000000e+00	-1.497975e+00	-1.520255e-04
-1.640000000000001e+00	-1.487975e+00	-1.520255e-04
-1.629999999999999e+00	-1.477974e+00	-1.520255e-04
-1.619999999999999e+00	-1.467974e+00	-1.520255e-04
-1.609999999999999e+00	-1.457974e+00	-1.520255e-04
-1.600000000000000e+00	-1.447974e+00	-1.520255e-04
-1.590000000000000e+00	-1.437974e+00	-1.520255e-04
-1.580000000000000e+00	-1.427974e+00	-1.520255e-04
-1.570000000000000e+00	-1.417974e+00	-1.520255e-04
-1.560000000000000e+00	-1.407974e+00	-1.520255e-04
-1.550000000000001e+00	-1.397974e+00	-1.520255e-04
-1.539999999999999e+00	-1.387975e+00	-1.520255e-04
-1.529999999999999e+00	-1.377975e+00	-1.520255e-04
-1.520000000000000e+00	-1.367975e+00	-1.520255e-04
-1.510000000000000e+00	-1.357974e+00	-1.520255e-04
-1.500000000000000e+00	-1.347974e+00	-1.520255e-04
-1.490000000000000e+00	-1.337974e+00	-1.520255e-04
-1.480000000000000e+00	-1.327974e+00	-1.520255e-04
-1.470000000000001e+00	-1.317974e+00	-1.520255e-04
-1.459999999999999e+00	-1.307974e+00	-1.520255e-04
-1.449999999999999e+00	-1.297974e+00	-1.520255e-04
-1.440000000000000e+00	-1.287974e+00	-1.520255e-04
-1.430000000000000e+00	-1.277974e+00	-1.520255e-04
-1.420000000000000e+00	-1.267974e+00	-1.520255e-04
-1.410000000000000e+00	-1.257975e+00	-1.520255e-04
-1.400000000000000e+00	-1.247975e+00	-1.520255e-04
-1.390000000000001e+00	-1.237975e+00	-1.520255e-04
-1.379999999999999e+00	-1.227974e+00	-1.520255e-04
-1.369999999999999e+00	-1.217974e+00	-1.520255e-04
-1.359999999999999e+00	-1.207974e+00	-1.520255e-04
-1.350000000000000e+00	-1.197974e+00	-1.520255e-04
-1.340000000000000e+00	-1.187974e+00	-1.520255e-04
-1.330000000000000e+00	-1.177974e+00	-1.520255e-04
-1.320000000000000e+00	-1.167974e+00	-1.520255e-04
-1.310000000000000e+00	-1.157974e+00	-1.520255e-04
-1.299999999999999e+00	-1.147974e+00	-1.520255e-04
-1.289999999999999e+00	-1.137975e+00	-1.520255e-04
-1.279999999999999e+00	-1.127975e+00	-1.520255e-04
-1.270000000000000e+00	-1.117975e+00	-1.520255e-04
-1.260000000000000e+00	-1.107974e+00	-1.520255e-04
-1.250000000000000e+00	-1.097974e+00	-1.520255e-04
-1.240000000000000e+00	-1.087974e+00	-1.520255e-04
-1.230000000000000e+00	-1.077974e+00	-1.520255e-04
-1.220000000000001e+00	-1.067974e+00	-1.520255e-04
-1.209999999999999e+00	-1.057974e+00	-1.520255e-04
-1.199999999999999e+00	-1.047974e+00	-1.520255e-04
-1.190000000000000e+00	-1.037974e+00	-1.520255e-04
-1.180000000000000e+00	-1.027974e+00	-1.520255e-04
-1.170000000000000e+00	-1.017974e+00	-1.520255e-04
-1.160000000000000e+00	-1.007975e+00	-1.520255e-04
-1.150000000000000e+00	-9.979745e-01	-1.520255e-04
-1.140000000000001e+00	-9.879745e-01	-1.520255e-04
-1.129999999999999e+00	-9.779745e-01	-1.520255e-04
-1.119999999999999e+00	-9.679745e-01	-1.520255e-04
-1.109999999999999e+00	-9.579745e-01	-1.520255e-04
-1.100000000000000e+00	-9.479744e-01	-1.520255e-04
-1.090000000000000e+00	-9.379745e-01	-1.520255e-04
-1.080000000000000e+00	-9.279745e-01	-1.520255e-04
-1.070000000000000e+00	-9.179745e-01	-1.520255e-04
-1.060000000000000e+00	-9.079745e-01	-1.520255e-04
-1.049999999999999e+00	-8.979745e-01	-1.520255e-04
-1.039999999999999e+00	-8.879744e-01	-1.520255e-04
-1.029999999999999e+00	-8.779745e-01	-1.520255e-04
-1.020000000000000e+00	-8.679745e-01	-1.520255e-04
-1.010000000000000e+00	-8.579745e-01	-1.520255e-04
-1.000000000000000e+00	-8.479745e-01	-1.520255e-04
-9.900000000000002e-01	-8.379745e-01	-1.520255e-04
-9.800000000000004e-01	-8.279744e-01	-1.520255e-04
-9.700000000000006e-01	-8.179744e-01	-1.520255e-04
-9.599999999999991e-01	-8.079745e-01	-1.520255e-04
-9.499999999999993e-01	-7.979745e-01	-1.520255e-04
-9.399999999999995e-01	-7.879745e-01	-1.520255e-04
-9.299999999999997e-01	-7.779745e-01	-1.520255e-04
-9.199999999999999e-01	-7.679745e-01	-1.520255e-04
-9.100000000000001e-01	-7.579744e-01	-1.520255e-04
-9.000000000000004e-01	-7.479745e-01	-1.520255e-04
-8.900000000000006e-01	-7.379745e-01	-1.520255e-04
-8.799999999999990e-01	-7.279745e-01	-1.520255e-04
-8.699999999999992e-01	-7.179745e-01	-1.520255e-04
-8.599999999999994e-01	-7.079745e-01	-1.520255e-04
-8.499999999999996e-01	-6.979744e-01	-1.520255e-04
-8.399999999999999e-01	-6.879745e-01	-1.520255e-04
-8.300000000000001e-01	-6.779745e-01	-1.520255e-04
-8.200000000000003e-01	-6.679745e-01	-1.520255e-04
-8.100000000000005e-01	-6.579745e-01	-1.520255e-04
-7.999999999999989e-01	-6.479745e-01	-1.520255e-04
-7.899999999999991e-01	-6.379745e-01	-1.520255e-04
-7.799999999999994e-01	-6.279745e-01	-1.520255e-04
-7.699999999999996e-01	-6.179745e-01	-1.520255e-04
-7.599999999999998e-01	-6.079745e-01	-1.520255e-04
-7.500000000000000e-01	-5.979745e-01	-1.520255e-04
-7.400000000000002e-01	-5.879745e-01	-1.520255e-04
-7.300000000000004e-01	-5.779745e-01	-1.520255e-04
-7.200000000000006e-01	-5.679745e-01	-1.520255e-04
-7.099999999999991e-01	-5.579746e-01	-1.520254e-04
-6.999999999999993e-01	-5.479746e-01	-1.520254e-04
-6.899999999999995e-01	-5.379746e-01	-1.520254e-04
-6.799999999999997e-01	-5.279747e-01	-1.520254e-04
-6.699999999999999e-01	-5.179747e-01	-1.520253e-04
-6.600000000000001e-01	-5.079747e-01	-1.520252e-04
-6.500000000000004e-01	-4.979748e-01	-1.520252e-04
-6.400000000000006e-01	-4.879750e-01	-1.520250e-04
-6.299999999999990e-01	-4.779751e-01	-1.520249e-04
-6.199999999999992e-01	-4.679753e-01	-1.520247e-04
-6.099999999999994e-01	-4.579755e-01	-1.520245e-04
-5.999999999999996e-01	-4.479758e-01	-1.520241e-04
-5.899999999999999e-01	-4.379763e-01	-1.520237e-04
-5.800000000000001e-01	-4.279768e-01	-1.520232e-04
-5.700000000000003e-01	-4.179775e-01	-1.520225e-04
-5.600000000000005e-01	-4.079784e-01	-1.520216e-04
-5.499999999999989e-01	-3.979795e-01	-1.520205e-04
-5.399999999999991e-01	-3.879810e-01	-1.520190e-04
-5.299999999999994e-01	-3.779830e-01	-1.520170e-04
-5.199999999999996e-01	-3.679855e-01	-1.520145e-04
-5.099999999999998e-01	-3.579887e-01	-1.520113e-04
-5.000000000000000e-01	-3.479930e-01	-1.520070e-04
-4.900000000000002e-01	-3.379984e-01	-1.520016e-04
-4.800000000000004e-01	-3.280055e-01	-1.519945e-04
-4.700000000000006e-01	-3.180147e-01	-1.519853e-04
-4.599999999999991e-01	-3.080266e-01	-1.519734e-04
-4.499999999999993e-01	-2.980419e-01	-1.519581e-04
-4.399999999999995e-01	-2.880619e-01	-1.519381e-04
-4.299999999999997e-01	-2.780876e-01	-1.519124e-04
-4.199999999999999e-01	-2.681210e-01	-1.518790e-04
-4.100000000000001e-01	-2.581641e-01	-1.518359e-04
-4.000000000000004e-01	-2.482199e-01	-1.517801e-04
-3.900000000000006e-01	-2.382919e-01	-1.517081e-04
-3.799999999999990e-01	-2.283848e-01	-1.516152e-04
-3.699999999999992e-01	-2.185046e-01	-1.514954e-04
-3.599999999999994e-01	-2.086586e-01	-1.513414e-04
-3.499999999999996e-01	-1.988565e-01	-1.511435e-04
-3.399999999999999e-01	-1.891100e-01	-1.508901e-04
-3.300000000000001e-01	-1.794336e-01	-1.505664e-04
-3.200000000000003e-01	-1.698451e-01	-1.501549e-04
-3.100000000000005e-01	-1.603660e-01	-1.496340e-04
-2.999999999999989e-01	-1.510213e-01	-1.489787e-04
-2.899999999999991e-01	-1.418397e-01	-1.481603e-04
-2.799999999999994e-01	-1.328532e-01	-1.471469e-04
-2.699999999999996e-01	-1.240958e-01	-1.459042e-04
-2.599999999999998e-01	-1.156027e-01	-1.443973e-04
-2.500000000000000e-01	-1.074072e-01	-1.425928e-04
-2.400000000000002e-01	-9.953982e-02	-1.404602e-04
-2.300000000000004e-01	-9.202536e-02	-1.379746e-04
-2.200000000000006e-01	-8.488169e-02	-1.351183e-04
-2.099999999999991e-01	-7.811874e-02	-1.318813e-04
-1.999999999999993e-01	-7.173850e-02	-1.282615e-04
-1.899999999999995e-01	-6.573565e-02	-1.242643e-04
-1.799999999999997e-01	-6.009876e-02	-1.199012e-04
-1.699999999999999e-01	-5.481175e-02	-1.151882e-04
-1.600000000000001e-01	-4.985541e-02	-1.101446e-04
-1.500000000000004e-01	-4.520871e-02	-1.047913e-04
-1.400000000000006e-01	-4.084990e-02	-9.915010e-05
-1.299999999999990e-01	-3.675735e-02	-9.324265e-05
-1.199999999999992e-01	-3.291016e-02	-8.708984e-05
-1.099999999999994e-01	-2.928849e-02	-8.071151e-05
-9.999999999999964e-02	-2.587384e-02	-7.412616e-05
-8.999999999999986e-02	-2.264909e-02	-6.735091e-05
-8.000000000000007e-02	-1.959856e-02	-6.040144e-05
-7.000000000000028e-02	-1.670794e-02	-5.329206e-05
-6.000000000000050e-02	-1.396422e-02	-4.603578e-05
-4.999999999999893e-02	-1.135563e-02	-3.864437e-05
-3.999999999999915e-02	-8.871504e-03	-3.112850e-05
-2.999999999999936e-02	-6.502189e-03	-2.349781e-05
-1.999999999999957e-02	-4.238959e-03	-1.576104e-05
-9.999999999999787e-03	-2.073919e-03	-7.926081e-06
0.000000000000000e+00	0.000000e+00	0.000000e+00
9.999999999999787e-03	1.989542e-03	8.010458e-06
1.999999999999957e-02	3.900337e-03	1.609966e-05
2.999999999999936e-02	5.737826e-03	2.426217e-05
4.000000000000092e-02	7.506884e-03	3.249312e-05
5.000000000000071e-02	9.211956e-03	4.078804e-05
6.000000000000050e-02	1.085710e-02	4.914289e-05
7.000000000000028e-02	1.244604e-02	5.755396e-05
8.000000000000007e-02	1.398218e-02	6.601782e-05
8.999999999999986e-02	1.546865e-02	7.453135e-05
9.999999999999964e-02	1.690831e-02	8.309168e-05
1.099999999999994e-01	1.830383e-02	9.169617e-05
1.200000000000010e-01	1.965764e-02	1.003424e-04
1.300000000000008e-01	2.097201e-02	1.090280e-04
1.400000000000006e-01	2.224902e-02	1.177510e-04
1.500000000000004e-01	2.349060e-02	1.265094e-04
1.600000000000001e-01	2.469856e-02	1.353014e-04
1.699999999999999e-01	2.587458e-02	1.441254e-04
1.799999999999997e-01	2.702020e-02	1.529798e-04
1.899999999999995e-01	2.813687e-02	1.618631e-04
2.000000000000011e-01	2.922595e-02	1.707741e-04
2.100000000000009e-01	3.028870e-02	1.797113e-04
2.200000000000006e-01	3.132631e-02	1.886737e-04
2.300000000000004e-01	3.233988e-02	1.976601e-04
2.400000000000002e-01	3.333046e-02	2.066695e-04
2.500000000000000e-01	3.429902e-02	2.157010e-04
2.599999999999998e-01	3.524648e-02	2.247535e-04
2.699999999999996e-01	3.617371e-02	2.338263e-04
2.799999999999994e-01	3.708151e-02	2.429185e-04
2.900000000000009e-01	3.797065e-02	2.520293e-04
3.000000000000007e-01	3.884187e-02	2.611581e-04
3.100000000000005e-01	3.969583e-02	2.703042e-04
3.200000000000003e-01	4.053320e-02	2.794668e-04
3.300000000000001e-01	4.135458e-02	2.886454e-04
3.399999999999999e-01	4.216055e-02	2.978394e-04
3.499999999999996e-01	4.295167e-02	3.070483e-04
3.599999999999994e-01	4.372845e-02	3.162716e-04
3.700000000000010e-01	4.449140e-02	3.255086e-04
3.800000000000008e-01	4.524097e-02	3.347590e-04
3.900000000000006e-01	4.597763e-02	3.440224e-04
4.000000000000004e-01	4.670179e-02	3.532982e-04
4.100000000000001e-01	4.741387e-02	3.625861e-04
4.199999999999999e-01	4.811425e-02	3.718857e-04
4.299999999999997e-01	4.880330e-02	3.811967e-04
4.399999999999995e-01	4.948138e-02	3.905186e-04
4.500000000000011e-01	5.014881e-02	3.998512e-04
4.600000000000009e-01	5.080593e-02	4.091941e-04
4.700000000000006e-01	5.145305e-02	4.185470e-04
4.800000000000004e-01	5.209044e-02	4.279095e-04
4.900000000000002e-01	5.271841e-02	4.372816e-04
5.000000000000000e-01	5.333722e-02	4.466628e-04
5.099999999999998e-01	5.394712e-02	4.560529e-04
5.199999999999996e-01	5.454838e-02	4.654516e-04
5.299999999999994e-01	5.514121e-02	4.748588e-04
5.400000000000009e-01	5.572586e-02	4.842741e-04
5.500000000000007e-01	5.630255e-02	4.936975e-04
5.600000000000005e-01	5.687148e-02	5.031285e-04
5.700000000000003e-01	5.743286e-02	5.125671e-04
5.800000000000001e-01	5.798689e-02	5.220131e-04
5.899999999999999e-01	5.853374e-02	5.314663e-04
5.999999999999996e-01	5.907362e-02	5.409264e-04
6.099999999999994e-01	5.960668e-02	5.503933e-04
6.200000000000010e-01	6.013309e-02	5.598669e-04
6.300000000000008e-01	6.065303e-02	5.693469e-04
6.400000000000006e-01	6.116664e-02	5.788333e-04
6.500000000000004e-01	6.167408e-02	5.883259e-04
6.600000000000001e-01	6.217549e-02	5.978245e-04
6.699999999999999e-01	6.267102e-02	6.073290e-04
6.799999999999997e-01	6.316079e-02	6.168392e-04
6.899999999999995e-01	6.364495e-02	6.263551e-04
7.000000000000011e-01	6.412360e-02	6.358764e-04
7.100000000000009e-01	6.459689e-02	6.454031e-04
7.200000000000006e-01	6.506493e-02	6.549351e-04
7.300000000000004e-01	6.552783e-02	6.644722e-04
7.400000000000002e-01	6.598571e-02	6.740143e-04
7.500000000000000e-01	6.643867e-02	6.835613e-04
7.599999999999998e-01	6.688682e-02	6.931132e-04
7.699999999999996e-01	6.733025e-02	7.026697e-04
7.799999999999994e-01	6.776907e-02	7.122309e-04
7.900000000000009e-01	6.820337e-02	7.217966e-04
8.000000000000007e-01	6.863325e-02	7.313667e-04
8.100000000000005e-01	6.905879e-02	7.409412e-04
8.200000000000003e-01	6.948008e-02	7.505199e-04
8.300000000000001e-01	6.989720e-02	7.601028e-04
8.399999999999999e-01	7.031024e-02	7.696897e-04
8.499999999999996e-01	7.071927e-02	7.792807e-04
8.599999999999994e-01	7.112437e-02	7.888756e-04
8.700000000000010e-01	7.152563e-02	7.984744e-04
8.800000000000008e-01	7.192310e-02	8.080769e-04
8.900000000000006e-01	7.231687e-02	8.176831e-04
9.000000000000004e-01	7.270699e-02	8.272930e-04
9.100000000000001e-01	7.309354e-02	8.369064e-04
9.199999999999999e-01	7.347659e-02	8.465234e-04
9.299999999999997e-01	7.385619e-02	8.561438e-04
9.399999999999995e-01	7.423241e-02	8.657676e-04
9.500000000000011e-01	7.460530e-02	8.753947e-04
9.600000000000009e-01	7.497493e-02	8.850251e-04
9.700000000000006e-01	7.534136e-02	8.946586e-04
9.800000000000004e-01	7.570463e-02	9.042954e-04
9.900000000000002e-01	7.606482e-02	9.139352e-04
1.000000000000000e+00	7.642195e-02	9.235780e-04
1.010000000000000e+00	7.677609e-02	9.332239e-04
1.020000000000000e+00	7.712730e-02	9.428727e-04
1.029999999999999e+00	7.747561e-02	9.525244e-04
1.040000000000001e+00	7.782107e-02	9.621789e-04
1.050000000000001e+00	7.816374e-02	9.718363e-04
1.060000000000000e+00	7.850365e-02	9.814963e-04
1.070000000000000e+00	7.884085e-02	9.911591e-04
1.080000000000000e+00	7.917539e-02	1.000825e-03
1.090000000000000e+00	7.950731e-02	1.010493e-03
1.100000000000000e+00	7.983664e-02	1.020163e-03
1.109999999999999e+00	8.016344e-02	1.029837e-03
1.120000000000001e+00	8.048773e-02	1.039512e-03
1.130000000000001e+00	8.080956e-02	1.049190e-03
1.140000000000001e+00	8.112896e-02	1.058871e-03
1.150000000000000e+00	8.144598e-02	1.068554e-03
1.160000000000000e+00	8.176064e-02	1.078239e-03
1.170000000000000e+00	8.207300e-02	1.087927e-03
1.180000000000000e+00	8.238306e-02	1.097617e-03
1.190000000000000e+00	8.269087e-02	1.107309e-03
1.200000000000001e+00	8.299647e-02	1.117003e-03
1.210000000000001e+00	8.329988e-02	1.126700e-03
1.220000000000001e+00	8.360115e-02	1.136399e-03
1.230000000000000e+00	8.390029e-02	1.146100e-03
1.240000000000000e+00	8.419734e-02	1.155803e-03
1.250000000000000e+00	8.449233e-02	1.165508e-03
1.260000000000000e+00	8.478528e-02	1.175215e-03
1.270000000000000e+00	8.507624e-02	1.184924e-03
1.279999999999999e+00	8.536521e-02	1.194635e-03
1.290000000000001e+00	8.565224e-02	1.204348e-03
1.300000000000001e+00	8.593734e-02	1.214063e-03
1.310000000000000e+00	8.622055e-02	1.223779e-03
1.320000000000000e+00	8.650189e-02	1.233498e-03
1.330000000000000e+00	8.678138e-02	1.243219e-03
1.340000000000000e+00	8.705904e-02	1.252941e-03
1.350000000000000e+00	8.733492e-02	1.262665e-03
1.359999999999999e+00	8.760902e-02	1.272391e-03
1.370000000000001e+00	8.788136e-02	1.282119e-03
1.380000000000001e+00	8.815199e-02	1.291848e-03
1.390000000000001e+00	8.842091e-02	1.301579e-03
1.400000000000000e+00	8.868814e-02	1.311312e-03
1.410000000000000e+00	8.895371e-02	1.321046e-03
1.420000000000000e+00	8.921764e-02	1.330782e-03
1.430000000000000e+00	8.947995e-02	1.340520e-03
1.440000000000000e+00	8.974066e-02	1.350259e-03
1.450000000000001e+00	8.999979e-02	1.360000e-03
1.460000000000001e+00	9.025736e-02	1.369743e-03
1.470000000000001e+00	9.051339e-02	1.379487e-03
1.480000000000000e+00	9.076790e-02	1.389232e-03
1.490000000000000e+00	9.102090e-02	1.398979e-03
1.500000000000000e+00	9.127242e-02	1.408728e-03
1.510000000000000e+00	9.152247e-02	1.418478e-03
1.520000000000000e+00	9.177107e-02	1.428229e-03
1.529999999999999e+00	9.201824e-02	1.437982e-03
1.540000000000001e+00	9.226399e-02	1.447736e-03
1.550000000000001e+00	9.250834e-02	1.457492e-03
1.560000000000000e+00	9.275130e-02	1.467249e-03
1.570000000000000e+00	9.299290e-02	1.477007e-03
1.580000000000000e+00	9.323315e-02	1.486767e-03
1.590000000000000e+00	9.347206e-02	1.496528e-03
1.600000000000000e+00	9.370966e-02	1.506290e-03
1.609999999999999e+00	9.394594e-02	1.516054e-03
1.620000000000001e+00	9.418093e-02	1.525819e-03
1.630000000000001e+00	9.441465e-02	1.535585e-03
1.640000000000001e+00	9.464711e-02	1.545353e-03
1.650000000000000e+00	9.487832e-02	1.555122e-03
1.660000000000000e+00	9.510829e-02	1.564892e-03
1.670000000000000e+00	9.533704e-02	1.574663e-03
1.680000000000000e+00	9.556459e-02	1.584435e-03
1.690000000000000e+00	9.579094e-02	1.594209e-03
1.700000000000001e+00	9.601610e-02	1.603984e-03
1.710000000000001e+00	9.624010e-02	1.613760e-03
1.720000000000001e+00	9.646294e-02	1.623537e-03
1.730000000000000e+00	9.668464e-02	1.633315e-03
1.740000000000000e+00	9.690521e-02	1.643095e-03
1.750000000000000e+00	9.712466e-02	1.652875e-03
1.760000000000000e+00	9.734300e-02	1.662657e-03
1.770000000000000e+00	9.756023e-02	1.672440e-03
1.779999999999999e+00	9.777639e-02	1.682224e-03
1.790000000000001e+00	9.799147e-02	1.692009e-03
1.800000000000001e+00	9.820549e-02	1.701795e-03
1.810000000000000e+00	9.841846e-02	1.711582e-03
1.820000000000000e+00	9.863038e-02	1.721370e-03
1.830000000000000e+00	9.884127e-02	1.731159e-03
1.840000000000000e+00	9.905115e-02	1.740949e-03
1.850000000000000e+00	9.926000e-02	1.750740e-03
1.859999999999999e+00	9.946787e-02	1.760532e-03
1.870000000000001e+00	9.967474e-02	1.770325e-03
1.880000000000001e+00	9.988063e-02	1.780119e-03
1.890000000000001e+00	1.000855e-01	1.789914e-03
1.900000000000000e+00	1.002895e-01	1.799710e-03
1.910000000000000e+00	1.004925e-01	1.809507e-03
1.920000000000000e+00	1.006946e-01	1.819305e-03
1.930000000000000e+00	1.008957e-01	1.829104e-03
1.940000000000000e+00	1.010959e-01	1.838904e-03
1.950000000000001e+00	1.012952e-01	1.848705e-03
1.960000000000001e+00	1.014936e-01	1.858506e-03
1.970000000000001e+00	1.016910e-01	1.868309e-03
1.980000000000000e+00	1.018876e-01	1.878112e-03
1.990000000000000e+00	1.020833e-01	1.887917e-03
2.000000000000000e+00	1.022782e-01	1.897722e-03
2.010000000000000e+00	1.024721e-01	1.907528e-03
2.020000000000000e+00	1.026652e-01	1.917335e-03
2.030000000000001e+00	1.028575e-01	1.927142e-03
2.040000000000001e+00	1.030489e-01	1.936951e-03
2.050000000000001e+00	1.032395e-01	1.946760e-03
2.060000000000000e+00	1.034292e-01	1.956571e-03
2.070000000000000e+00	1.036182e-01	1.966382e-03
2.080000000000000e+00	1.038063e-01	1.976194e-03
2.090000000000000e+00	1.039936e-01	1.986006e-03
2.100000000000000e+00	1.041801e-01	1.995820e-03
2.109999999999999e+00	1.043659e-01	2.005634e-03
2.120000000000001e+00	1.045508e-01	2.015449e-03
2.130000000000001e+00	1.047350e-01	2.025265e-03
2.140000000000001e+00	1.049184e-01	2.035082e-03
2.150000000000000e+00	1.051010e-01	2.044899e-03
2.160000000000000e+00	1.052829e-01	2.054717e-03
2.170000000000000e+00	1.054640e-01	2.064536e-03
2.180000000000000e+00	1.056444e-01	2.074355e-03
2.190000000000000e+00	1.058241e-01	2.084176e-03
2.200000000000001e+00	1.060030e-01	2.093997e-03
2.210000000000001e+00	1.061812e-01	2.103819e-03
2.220000000000001e+00	1.063586e-01	2.113641e-03
2.230000000000000e+00	1.065354e-01	2.123465e-03
2.240000000000000e+00	1.067115e-01	2.133289e-03
2.250000000000000e+00	1.068868e-01	2.143113e-03
2.260000000000000e+00	1.070615e-01	2.152939e-03
2.270000000000000e+00	1.072354e-01	2.162765e-03
2.280000000000001e+00	1.074087e-01	2.172591e-03
2.290000000000001e+00	1.075813e-01	2.182419e-03
2.300000000000001e+00	1.077533e-01	2.192247e-03
2.310000000000000e+00	1.079246e-01	2.202075e-03
2.320000000000000e+00	1.080952e-01	2.211905e-03
2.330000000000000e+00	1.082651e-01	2.221735e-03
2.340000000000000e+00	1.084344e-01	2.231566e-03
2.350000000000000e+00	1.086031e-01	2.241397e-03
2.359999999999999e+00	1.087711e-01	2.251229e-03
2.370000000000001e+00	1.089385e-01	2.261061e-03
2.380000000000001e+00	1.091052e-01	2.270895e-03
2.390000000000001e+00	1.092714e-01	2.280729e-03
2.400000000000000e+00	1.094369e-01	2.290563e-03
2.410000000000000e+00	1.096018e-01	2.300398e-03
2.420000000000000e+00	1.097660e-01	2.310234e-03
2.430000000000000e+00	1.099297e-01	2.320070e-03
2.440000000000000e+00	1.100928e-01	2.329907e-03
2.450000000000001e+00	1.102553e-01	2.339745e-03
2.460000000000001e+00	1.104172e-01	2.349583e-03
2.470000000000001e+00	1.105785e-01	2.359421e-03
2.480000000000000e+00	1.107392e-01	2.369261e-03
2.490000000000000e+00	1.108993e-01	2.379101e-03
2.500000000000000e+00	1.110589e-01	2.388941e-03
2.510000000000000e+00	1.112179e-01	2.398782e-03
2.520000000000000e+00	1.113763e-01	2.408624e-03
2.530000000000001e+00	1.115342e-01	2.418466e-03
2.540000000000001e+00	1.116915e-01	2.428309e-03
2.550000000000001e+00	1.118483e-01	2.438152e-03
2.560000000000000e+00	1.120045e-01	2.447996e-03
2.570000000000000e+00	1.121601e-01	2.457840e-03
2.580000000000000e+00	1.123153e-01	2.467685e-03
2.590000000000000e+00	1.124699e-01	2.477530e-03
2.600000000000000e+00	1.126239e-01	2.487376e-03
2.609999999999999e+00	1.127774e-01	2.497223e-03
2.620000000000001e+00	1.129304e-01	2.507070e-03
2.630000000000001e+00	1.130829e-01	2.516917e-03
2.640000000000001e+00	1.132349e-01	2.526765e-03
2.650000000000000e+00	1.133863e-01	2.536614e-03
2.660000000000000e+00	1.135373e-01	2.546463e-03
2.670000000000000e+00	1.136877e-01	2.556312e-03
2.680000000000000e+00	1.138377e-01	2.566162e-03
2.690000000000000e+00	1.139871e-01	2.576013e-03
2.700000000000001e+00	1.141360e-01	2.585864e-03
2.710000000000001e+00	1.142845e-01	2.595715e-03
2.720000000000001e+00	1.144324e-01	2.605567e-03
2.730000000000000e+00	1.145799e-01	2.615420e-03
2.740000000000000e+00	1.147269e-01	2.625273e-03
2.750000000000000e+00	1.148734e-01	2.635127e-03
2.760000000000000e+00	1.150194e-01	2.644981e-03
2.770000000000000e+00	1.151650e-01	2.654835e-03
2.780000000000001e+00	1.153101e-01	2.664690e-03
2.790000000000001e+00	1.154547e-01	2.674545e-03
2.800000000000001e+00	1.155989e-01	2.684401e-03
2.810000000000000e+00	1.157426e-01	2.694257e-03
2.820000000000000e+00	1.158859e-01	2.704114e-03
2.830000000000000e+00	1.160287e-01	2.713971e-03
2.840000000000000e+00	1.161710e-01	2.723829e-03
2.850000000000000e+00	1.163129e-01	2.733687e-03
2.859999999999999e+00	1.164544e-01	2.743546e-03
2.870000000000001e+00	1.165954e-01	2.753405e-03
2.880000000000001e+00	1.167360e-01	2.763264e-03
2.890000000000001e+00	1.168761e-01	2.773124e-03
2.900000000000000e+00	1.170158e-01	2.782984e-03
2.910000000000000e+00	1.171551e-01	2.792845e-03
2.920000000000000e+00	1.172940e-01	2.802706e-03
2.930000000000000e+00	1.174324e-01	2.812568e-03
2.940000000000000e+00	1.175704e-01	2.822430e-03
2.950000000000001e+00	1.177080e-01	2.832292e-03
2.960000000000001e+00	1.178452e-01	2.842155e-03
2.970000000000001e+00	1.179819e-01	2.852018e-03
2.980000000000000e+00	1.181183e-01	2.861882e-03
2.990000000000000e+00	1.182543e-01	2.871746e-03
3.000000000000000e+00	1.183898e-01	2.881610e-03
3.010000000000000e+00	1.185249e-01	2.891475e-03
3.020000000000000e+00	1.186597e-01	2.901340e-03
3.030000000000001e+00	1.187940e-01	2.911206e-03
3.040000000000001e+00	1.189280e-01	2.921072e-03
3.050000000000001e+00	1.190615e-01	2.930938e-03
3.060000000000000e+00	1.191947e-01	2.940805e-03
3.070000000000000e+00	1.193274e-01	2.950673e-03
3.080000000000000e+00	1.194598e-01	2.960540e-03
3.090000000000000e+00	1.195919e-01	2.970408e-03
3.100000000000000e+00	1.197235e-01	2.980276e-03
3.109999999999999e+00	1.198547e-01	2.990145e-03
3.120000000000001e+00	1.199856e-01	3.000014e-03
3.130000000000001e+00	1.201161e-01	3.009884e-03
3.140000000000001e+00	1.202462e-01	3.019754e-03
3.150000000000000e+00	1.203760e-01	3.029624e-03
3.160000000000000e+00	1.205054e-01	3.039495e-03
3.170000000000000e+00	1.206344e-01	3.049365e-03
3.180000000000000e+00	1.207631e-01	3.059237e-03
3.190000000000000e+00	1.208914e-01	3.069109e-03
3.200000000000001e+00	1.210194e-01	3.078981e-03
3.210000000000001e+00	1.211469e-01	3.088853e-03
3.220000000000001e+00	1.212742e-01	3.098726e-03
3.230000000000000e+00	1.214011e-01	3.108599e-03
3.240000000000000e+00	1.215276e-01	3.118472e-03
3.250000000000000e+00	1.216538e-01	3.128346e-03
3.260000000000000e+00	1.217797e-01	3.138220e-03
3.270000000000000e+00	1.219052e-01	3.148095e-03
3.280000000000001e+00	1.220303e-01	3.157970e-03
3.290000000000001e+00	1.221552e-01	3.167845e-03
3.300000000000001e+00	1.222796e-01	3.177720e-03
3.310000000000000e+00	1.224038e-01	3.187596e-03
3.320000000000000e+00	1.225276e-01	3.197472e-03
3.330000000000000e+00	1.226511e-01	3.207349e-03
3.340000000000000e+00	1.227743e-01	3.217226e-03
3.350000000000000e+00	1.228971e-01	3.227103e-03
3.359999999999999e+00	1.230196e-01	3.236980e-03
3.370000000000001e+00	1.231418e-01	3.246858e-03
3.380000000000001e+00	1.232636e-01	3.256736e-03
3.390000000000001e+00	1.233852e-01	3.266615e-03
3.400000000000000e+00	1.235064e-01	3.276494e-03
3.410000000000000e+00	1.236273e-01	3.286373e-03
3.420000000000000e+00	1.237479e-01	3.296252e-03
3.430000000000000e+00	1.238682e-01	3.306132e-03
3.440000000000000e+00	1.239881e-01	3.316012e-03
3.450000000000001e+00	1.241078e-01	3.325892e-03
3.460000000000001e+00	1.242271e-01	3.335773e-03
3.470000000000001e+00	1.243462e-01	3.345654e-03
3.480000000000000e+00	1.244649e-01	3.355535e-03
3.490000000000000e+00	1.245834e-01	3.365417e-03
3.500000000000000e+00	1.247015e-01	3.375299e-03
3.510000000000000e+00	1.248193e-01	3.385181e-03
3.520000000000000e+00	1.249369e-01	3.395063e-03
3.530000000000001e+00	1.250541e-01	3.404946e-03
3.540000000000001e+00	1.251711e-01	3.414829e-03
3.550000000000001e+00	1.252877e-01	3.424712e-03
3.560000000000000e+00	1.254041e-01	3.434596e-03
3.570000000000000e+00	1.255202e-01	3.444480e-03
3.580000000000000e+00	1.256359e-01	3.454364e-03
3.590000000000000e+00	1.257514e-01	3.464248e-03
3.600000000000000e+00	1.258667e-01	3.474133e-03
3.609999999999999e+00	1.259816e-01	3.484018e-03
3.620000000000001e+00	1.260962e-01	3.493904e-03
3.630000000000001e+00	1.262106e-01	3.503789e-03
3.640000000000001e+00	1.263247e-01	3.513675e-03
3.650000000000000e+00	1.264385e-01	3.523561e-03
3.660000000000000e+00	1.265520e-01	3.533448e-03
3.670000000000000e+00	1.266653e-01	3.543335e-03
3.680000000000000e+00	1.267783e-01	3.553222e-03
3.690000000000000e+00	1.268910e-01	3.563109e-03
3.700000000000001e+00	1.270035e-01	3.572996e-03
3.710000000000001e+00	1.271156e-01	3.582884e-03
3.720000000000001e+00	1.272275e-01	3.592772e-03
3.730000000000000e+00	1.273392e-01	3.602661e-03
3.740000000000000e+00	1.274506e-01	3.612550e-03
3.750000000000000e+00	1.275617e-01	3.622438e-03
3.760000000000000e+00	1.276725e-01	3.632328e-03
3.770000000000000e+00	1.277831e-01	3.642217e-03
3.780000000000001e+00	1.278935e-01	3.652107e-03
3.790000000000001e+00	1.280036e-01	3.661996e-03
3.800000000000001e+00	1.281134e-01	3.671887e-03
3.810000000000000e+00	1.282229e-01	3.681777e-03
3.820000000000000e+00	1.283322e-01	3.691668e-03
3.830000000000000e+00	1.284413e-01	3.701559e-03
3.840000000000000e+00	1.285501e-01	3.711450e-03
3.850000000000000e+00	1.286587e-01	3.721341e-03
3.859999999999999e+00	1.287670e-01	3.731233e-03
3.870000000000001e+00	1.288750e-01	3.741125e-03
3.880000000000001e+00	1.289828e-01	3.751017e-03
3.890000000000001e+00	1.290904e-01	3.760910e-03
3.900000000000000e+00	1.291977e-01	3.770802e-03
3.910000000000000e+00	1.293048e-01	3.780695e-03
3.920000000000000e+00	1.294117e-01	3.790588e-03
3.930000000000000e+00	1.295183e-01	3.800482e-03
3.940000000000000e+00	1.296246e-01	3.810375e-03
3.950000000000001e+00	1.297307e-01	3.820269e-03
3.960000000000001e+00	1.298366e-01	3.830163e-03
3.970000000000001e+00	1.299423e-01	3.840058e-03
3.980000000000000e+00	1.300477e-01	3.849952e-03
3.990000000000000e+00	1.301529e-01	3.859847e-03
4.000000000000000e+00	1.302578e-01	3.869742e-03
4.010000000000000e+00	1.303625e-01	3.879637e-03
4.020000000000000e+00	1.304670e-01	3.889533e-03
4.030000000000001e+00	1.305713e-01	3.899429e-03
4.040000000000001e+00	1.306753e-01	3.909325e-03
4.050000000000001e+00	1.307791e-01	3.919221e-03
4.060000000000000e+00	1.308827e-01	3.929117e-03
4.070000000000000e+00	1.309861e-01	3.939014e-03
4.080000000000000e+00	1.310892e-01	3.948911e-03
4.090000000000000e+00	1.311921e-01	3.958808e-03
4.100000000000000e+00	1.312948e-01	3.968705e-03
4.109999999999999e+00	1.313973e-01	3.978603e-03
4.120000000000001e+00	1.314995e-01	3.988501e-03
4.130000000000001e+00	1.316015e-01	3.998398e-03
4.140000000000001e+00	1.317033e-01	4.008297e-03
4.150000000000000e+00	1.318049e-01	4.018195e-03
4.160000000000000e+00	1.319063e-01	4.028094e-03
4.170000000000000e+00	1.320075e-01	4.037993e-03
4.180000000000000e+00	1.321084e-01	4.047892e-03
4.190000000000000e+00	1.322092e-01	4.057791e-03
4.200000000000001e+00	1.323097e-01	4.067690e-03
4.210000000000001e+00	1.324100e-01	4.077590e-03
4.220000000000001e+00	1.325102e-01	4.087490e-03
4.230000000000000e+00	1.326101e-01	4.097390e-03
4.240000000000000e+00	1.327098e-01	4.107290e-03
4.250000000000000e+00	1.328092e-01	4.117191e-03
4.260000000000000e+00	1.329085e-01	4.127091e-03
4.270000000000000e+00	1.330076e-01	4.136993e-03
4.280000000000001e+00	1.331065e-01	4.146894e-03
4.290000000000001e+00	1.332051e-01	4.156795e-03
4.300000000000001e+00	1.333036e-01	4.166696e-03
4.310000000000000e+00	1.334019e-01	4.176598e-03
4.320000000000000e+00	1.335000e-01	4.186500e-03
4.330000000000000e+00	1.335978e-01	4.196402e-03
4.340000000000000e+00	1.336955e-01	4.206304e-03
4.350000000000000e+00	1.337930e-01	4.216207e-03
4.359999999999999e+00	1.338903e-01	4.226110e-03
4.370000000000001e+00	1.339874e-01	4.236013e-03
4.380000000000001e+00	1.340842e-01	4.245916e-03
4.390000000000001e+00	1.341809e-01	4.255819e-03
4.400000000000000e+00	1.342774e-01	4.265722e-03
4.410000000000000e+00	1.343737e-01	4.275626e-03
4.420000000000000e+00	1.344699e-01	4.285530e-03
4.430000000000000e+00	1.345658e-01	4.295434e-03
4.440000000000000e+00	1.346615e-01	4.305338e-03
4.450000000000001e+00	1.347571e-01	4.315243e-03
4.460000000000001e+00	1.348524e-01	4.325148e-03
4.470000000000001e+00	1.349476e-01	4.335052e-03
4.480000000000000e+00	1.350426e-01	4.344957e-03
4.490000000000000e+00	1.351374e-01	4.354862e-03
4.500000000000000e+00	1.352320e-01	4.364768e-03
4.510000000000000e+00	1.353265e-01	4.374674e-03
4.520000000000000e+00	1.354207e-01	4.384579e-03
4.530000000000001e+00	1.355148e-01	4.394485e-03
4.540000000000001e+00	1.356087e-01	4.404391e-03
4.550000000000001e+00	1.357024e-01	4.414298e-03
4.560000000000000e+00	1.357959e-01	4.424204e-03
4.570000000000000e+00	1.358893e-01	4.434111e-03
4.580000000000000e+00	1.359824e-01	4.444018e-03
4.590000000000000e+00	1.360754e-01	4.453924e-03
4.600000000000000e+00	1.361682e-01	4.463832e-03
4.609999999999999e+00	1.362609e-01	4.473739e-03
4.620000000000001e+00	1.363534e-01	4.483647e-03
4.630000000000001e+00	1.364456e-01	4.493555e-03
4.640000000000001e+00	1.365378e-01	4.503462e-03
4.650000000000000e+00	1.366297e-01	4.513370e-03
4.660000000000000e+00	1.367215e-01	4.523279e-03
4.670000000000000e+00	1.368131e-01	4.533187e-03
4.680000000000000e+00	1.369045e-01	4.543095e-03
4.690000000000000e+00	1.369958e-01	4.553004e-03
4.700000000000001e+00	1.370868e-01	4.562913e-03
4.710000000000001e+00	1.371778e-01	4.572822e-03
4.720000000000001e+00	1.372685e-01	4.582732e-03
4.730000000000000e+00	1.373591e-01	4.592641e-03
4.740000000000000e+00	1.374495e-01	4.602551e-03
4.750000000000000e+00	1.375398e-01	4.612460e-03
4.760000000000000e+00	1.376299e-01	4.622370e-03
4.770000000000000e+00	1.377198e-01	4.632280e-03
4.780000000000001e+00	1.378095e-01	4.642190e-03
4.790000000000001e+00	1.378991e-01	4.652101e-03
4.800000000000001e+00	1.379886e-01	4.662011e-03
4.810000000000000e+00	1.380778e-01	4.671922e-03
4.820000000000000e+00	1.381669e-01	4.681833e-03
4.830000000000000e+00	1.382559e-01	4.691744e-03
4.840000000000000e+00	1.383447e-01	4.701655e-03
4.850000000000000e+00	1.384333e-01	4.711566e-03
4.859999999999999e+00	1.385217e-01	4.721478e-03
4.870000000000001e+00	1.386101e-01	4.731390e-03
4.880000000000001e+00	1.386982e-01	4.741302e-03
4.890000000000001e+00	1.387862e-01	4.751214e-03
4.900000000000000e+00	1.388741e-01	4.761126e-03
4.910000000000000e+00	1.389617e-01	4.771038e-03
4.920000000000000e+00	1.390493e-01	4.780951e-03
4.930000000000000e+00	1.391366e-01	4.790863e-03
4.940000000000000e+00	1.392238e-01	4.800776e-03
4.950000000000001e+00	1.393109e-01	4.810689e-03
4.960000000000001e+00	1.393978e-01	4.820602e-03
4.970000000000001e+00	1.394846e-01	4.830515e-03
4.980000000000000e+00	1.395712e-01	4.840429e-03
4.990000000000000e+00	1.396577e-01	4.850342e-03
5.000000000000000e+00	1.397440e-01	4.860256e-03
5.010000000000000e+00	1.398301e-01	4.870170e-03
5.020000000000000e+00	1.399161e-01	4.880084e-03
5.030000000000001e+00	1.400020e-01	4.889998e-03
5.040000000000001e+00	1.400877e-01	4.899913e-03
5.050000000000001e+00	1.401733e-01	4.909827e-03
5.060000000000000e+00	1.402587e-01	4.919741e-03
5.070000000000000e+00	1.403440e-01	4.929656e-03
5.080000000000000e+00	1.404291e-01	4.939571e-03
5.090000000000000e+00	1.405141e-01	4.949486e-03
5.100000000000000e+00	1.405989e-01	4.959401e-03
5.109999999999999e+00	1.406836e-01	4.969317e-03
5.120000000000001e+00	1.407682e-01	4.979232e-03
5.130000000000001e+00	1.408526e-01	4.989147e-03
5.140000000000001e+00	1.409369e-01	4.999063e-03
5.150000000000000e+00	1.410210e-01	5.008979e-03
5.160000000000000e+00	1.411050e-01	5.018895e-03
5.170000000000000e+00	1.411888e-01	5.028811e-03
5.180000000000000e+00	1.412725e-01	5.038728e-03
5.190000000000000e+00	1.413561e-01	5.048644e-03
5.200000000000001e+00	1.414395e-01	5.058561e-03
5.210000000000001e+00	1.415228e-01	5.068477e-03
5.220000000000001e+00	1.416059e-01	5.078394e-03
5.230000000000000e+00	1.416889e-01	5.088311e-03
5.240000000000000e+00	1.417718e-01	5.098228e-03
5.250000000000000e+00	1.418545e-01	5.108146e-03
5.260000000000000e+00	1.419371e-01	5.118063e-03
5.270000000000000e+00	1.420196e-01	5.127980e-03
5.280000000000001e+00	1.421019e-01	5.137898e-03
5.290000000000001e+00	1.421841e-01	5.147816e-03
5.300000000000001e+00	1.422662e-01	5.157734e-03
5.310000000000000e+00	1.423481e-01	5.167652e-03
5.320000000000000e+00	1.424299e-01	5.177570e-03
5.330000000000000e+00	1.425116e-01	5.187489e-03
5.340000000000000e+00	1.425931e-01	5.197407e-03
5.350000000000000e+00	1.426745e-01	5.207325e-03
5.359999999999999e+00	1.427558e-01	5.217244e-03
5.370000000000001e+00	1.428369e-01	5.227163e-03
5.380000000000001e+00	1.429179e-01	5.237082e-03
5.390000000000001e+00	1.429988e-01	5.247001e-03
5.400000000000000e+00	1.430795e-01	5.256921e-03
5.410000000000000e+00	1.431601e-01	5.266840e-03
5.420000000000000e+00	1.432406e-01	5.276759e-03
5.430000000000000e+00	1.433210e-01	5.286679e-03
5.440000000000000e+00	1.434012e-01	5.296599e-03
5.450000000000001e+00	1.434813e-01	5.306519e-03
5.460000000000001e+00	1.435613e-01	5.316439e-03
5.470000000000001e+00	1.436412e-01	5.326359e-03
5.480000000000000e+00	1.437209e-01	5.336279e-03
5.490000000000000e+00	1.438005e-01	5.346199e-03
5.500000000000000e+00	1.438800e-01	5.356120e-03
5.510000000000000e+00	1.439593e-01	5.366041e-03
5.520000000000000e+00	1.440386e-01	5.375961e-03
5.530000000000001e+00	1.441177e-01	5.385882e-03
5.540000000000001e+00	1.441967e-01	5.395803e-03
5.550000000000001e+00	1.442755e-01	5.405725e-03
5.560000000000000e+00	1.443543e-01	5.415646e-03
5.570000000000000e+00	1.444329e-01	5.425567e-03
5.580000000000000e+00	1.445114e-01	5.435489e-03
5.590000000000000e+00	1.445898e-01	5.445410e-03
5.600000000000000e+00	1.446680e-01	5.455332e-03
5.610000000000001e+00	1.447462e-01	5.465254e-03
5.620000000000001e+00	1.448242e-01	5.475176e-03
5.630000000000001e+00	1.449021e-01	5.485098e-03
5.640000000000001e+00	1.449799e-01	5.495020e-03
5.650000000000000e+00	1.450575e-01	5.504942e-03
5.660000000000000e+00	1.451351e-01	5.514865e-03
5.670000000000000e+00	1.452125e-01	5.524788e-03
5.680000000000000e+00	1.452898e-01	5.534710e-03
5.690000000000000e+00	1.453670e-01	5.544633e-03
5.700000000000001e+00	1.454441e-01	5.554556e-03
5.710000000000001e+00	1.455210e-01	5.564479e-03
5.720000000000001e+00	1.455979e-01	5.574402e-03
5.730000000000000e+00	1.456746e-01	5.584325e-03
5.740000000000000e+00	1.457513e-01	5.594249e-03
5.750000000000000e+00	1.458278e-01	5.604172e-03
5.760000000000000e+00	1.459041e-01	5.614096e-03
5.770000000000000e+00	1.459804e-01	5.624020e-03
5.780000000000001e+00	1.460566e-01	5.633943e-03
5.790000000000001e+00	1.461326e-01	5.643867e-03
5.800000000000001e+00	1.462086e-01	5.653792e-03
5.810000000000000e+00	1.462844e-01	5.663716e-03
5.820000000000000e+00	1.463601e-01	5.673640e-03
5.830000000000000e+00	1.464357e-01	5.683564e-03
5.840000000000000e+00	1.465112e-01	5.693489e-03
5.850000000000000e+00	1.465866e-01	5.703413e-03
5.860000000000001e+00	1.466619e-01	5.713338e-03
5.870000000000001e+00	1.467370e-01	5.723263e-03
5.880000000000001e+00	1.468121e-01	5.733188e-03
5.890000000000001e+00	1.468870e-01	5.743113e-03
5.900000000000000e+00	1.469619e-01	5.753038e-03
5.910000000000000e+00	1.470366e-01	5.762964e-03
5.920000000000000e+00	1.471112e-01	5.772889e-03
5.930000000000000e+00	1.471857e-01	5.782814e-03
5.940000000000000e+00	1.472601e-01	5.792740e-03
5.950000000000001e+00	1.473344e-01	5.802665e-03
5.960000000000001e+00	1.474086e-01	5.812591e-03
5.970000000000001e+00	1.474827e-01	5.822517e-03
5.980000000000000e+00	1.475567e-01	5.832443e-03
5.990000000000000e+00	1.476306e-01	5.842370e-03
6.000000000000000e+00	1.477043e-01	5.852296e-03
6.010000000000002e+00	1.477780e-01	5.862222e-03
6.020000000000000e+00	1.478515e-01	5.872149e-03
6.030000000000001e+00	1.479250e-01	5.882075e-03
6.039999999999999e+00	1.479984e-01	5.892002e-03
6.050000000000001e+00	1.480716e-01	5.901929e-03
6.059999999999999e+00	1.481448e-01	5.911855e-03
6.070000000000000e+00	1.482178e-01	5.921782e-03
6.080000000000002e+00	1.482907e-01	5.931709e-03
6.090000000000000e+00	1.483636e-01	5.941636e-03
6.100000000000001e+00	1.484363e-01	5.951564e-03
6.109999999999999e+00	1.485090e-01	5.961491e-03
6.120000000000001e+00	1.485815e-01	5.971419e-03
6.129999999999999e+00	1.486539e-01	5.981346e-03
6.140000000000001e+00	1.487263e-01	5.991274e-03
6.149999999999999e+00	1.487985e-01	6.001201e-03
6.160000000000000e+00	1.488706e-01	6.011129e-03
6.170000000000002e+00	1.489427e-01	6.021057e-03
6.180000000000000e+00	1.490146e-01	6.030986e-03
6.190000000000001e+00	1.490864e-01	6.040914e-03
6.199999999999999e+00	1.491582e-01	6.050842e-03
6.210000000000001e+00	1.492298e-01	6.060770e-03
6.219999999999999e+00	1.493014e-01	6.070699e-03
6.230000000000000e+00	1.493728e-01	6.080627e-03
6.240000000000002e+00	1.494442e-01	6.090556e-03
6.250000000000000e+00	1.495154e-01	6.100485e-03
6.260000000000002e+00	1.495866e-01	6.110413e-03
6.270000000000000e+00	1.496576e-01	6.120342e-03
6.280000000000001e+00	1.497286e-01	6.130272e-03
6.289999999999999e+00	1.497995e-01	6.140200e-03
6.300000000000001e+00	1.498702e-01	6.150130e-03
6.309999999999999e+00	1.499409e-01	6.160059e-03
6.320000000000000e+00	1.500115e-01	6.169988e-03
6.330000000000002e+00	1.500820e-01	6.179918e-03
6.340000000000000e+00	1.501524e-01	6.189848e-03
6.350000000000001e+00	1.502227e-01	6.199777e-03
6.359999999999999e+00	1.502929e-01	6.209707e-03
6.370000000000001e+00	1.503630e-01	6.219637e-03
6.379999999999999e+00	1.504330e-01	6.229567e-03
6.390000000000001e+00	1.505029e-01	6.239497e-03
6.399999999999999e+00	1.505728e-01	6.249427e-03
6.410000000000000e+00	1.506425e-01	6.259358e-03
6.420000000000002e+00	1.507121e-01	6.269288e-03
6.430000000000000e+00	1.507817e-01	6.279218e-03
6.440000000000001e+00	1.508512e-01	6.289149e-03
6.449999999999999e+00	1.509206e-01	6.299079e-03
6.460000000000001e+00	1.509898e-01	6.309010e-03
6.469999999999999e+00	1.510590e-01	6.318941e-03
6.480000000000000e+00	1.511281e-01	6.328872e-03
6.490000000000002e+00	1.511972e-01	6.338803e-03
6.500000000000000e+00	1.512661e-01	6.348734e-03
6.510000000000002e+00	1.513349e-01	6.358665e-03
6.520000000000000e+00	1.514037e-01	6.368597e-03
6.530000000000001e+00	1.514723e-01	6.378528e-03
6.539999999999999e+00	1.515409e-01	6.388459e-03
6.550000000000001e+00	1.516094e-01	6.398391e-03
6.559999999999999e+00	1.516778e-01	6.408322e-03
6.570000000000000e+00	1.517460e-01	6.418254e-03
6.580000000000002e+00	1.518143e-01	6.428186e-03
6.590000000000000e+00	1.518824e-01	6.438117e-03
6.600000000000001e+00	1.519504e-01	6.448050e-03
6.609999999999999e+00	1.520184e-01	6.457982e-03
6.620000000000001e+00	1.520863e-01	6.467914e-03
6.629999999999999e+00	1.521540e-01	6.477846e-03
6.640000000000001e+00	1.522217e-01	6.487778e-03
6.649999999999999e+00	1.522894e-01	6.497710e-03
6.660000000000000e+00	1.523569e-01	6.507643e-03
6.670000000000002e+00	1.524243e-01	6.517576e-03
6.680000000000000e+00	1.524917e-01	6.527508e-03
6.690000000000001e+00	1.525589e-01	6.537441e-03
6.699999999999999e+00	1.526261e-01	6.547374e-03
6.710000000000001e+00	1.526932e-01	6.557307e-03
6.719999999999999e+00	1.527603e-01	6.567240e-03
6.730000000000000e+00	1.528272e-01	6.577173e-03
6.740000000000002e+00	1.528940e-01	6.587106e-03
6.750000000000000e+00	1.529608e-01	6.597039e-03
6.760000000000002e+00	1.530275e-01	6.606972e-03
6.770000000000000e+00	1.530941e-01	6.616906e-03
6.780000000000001e+00	1.531606e-01	6.626839e-03
6.789999999999999e+00	1.532270e-01	6.636773e-03
6.800000000000001e+00	1.532934e-01	6.646707e-03
6.809999999999999e+00	1.533597e-01	6.656640e-03
6.820000000000000e+00	1.534259e-01	6.666574e-03
6.830000000000002e+00	1.534920e-01	6.676508e-03
6.840000000000000e+00	1.535580e-01	6.686442e-03
6.850000000000001e+00	1.536239e-01	6.696376e-03
6.859999999999999e+00	1.536898e-01	6.706310e-03
6.870000000000001e+00	1.537556e-01	6.716244e-03
6.879999999999999e+00	1.538213e-01	6.726179e-03
6.890000000000001e+00	1.538869e-01	6.736113e-03
6.899999999999999e+00	1.539525e-01	6.746048e-03
6.910000000000000e+00	1.540179e-01	6.755982e-03
6.920000000000002e+00	1.540833e-01	6.765916e-03
6.930000000000000e+00	1.541486e-01	6.775851e-03
6.940000000000001e+00	1.542139e-01	6.785786e-03
6.949999999999999e+00	1.542790e-01	6.795721e-03
6.960000000000001e+00	1.543441e-01	6.805656e-03
6.969999999999999e+00	1.544091e-01	6.815591e-03
6.980000000000000e+00	1.544740e-01	6.825526e-03
6.990000000000002e+00	1.545388e-01	6.835461e-03
7.000000000000000e+00	1.546036e-01	6.845396e-03
7.010000000000002e+00	1.546683e-01	6.855332e-03
7.020000000000000e+00	1.547329e-01	6.865267e-03
7.030000000000001e+00	1.547974e-01	6.875203e-03
7.039999999999999e+00	1.548619e-01	6.885138e-03
7.050000000000001e+00	1.549263e-01	6.895074e-03
7.059999999999999e+00	1.549906e-01	6.905010e-03
7.070000000000000e+00	1.550548e-01	6.914945e-03
7.080000000000002e+00	1.551189e-01	6.924881e-03
7.090000000000000e+00	1.551830e-01	6.934817e-03
7.100000000000001e+00	1.552470e-01	6.944753e-03
7.109999999999999e+00	1.553109e-01	6.954689e-03
7.120000000000001e+00	1.553748e-01	6.964625e-03
7.129999999999999e+00	1.554385e-01	6.974562e-03
7.140000000000001e+00	1.555022e-01	6.984498e-03
7.150000000000002e+00	1.555659e-01	6.994434e-03
7.160000000000000e+00	1.556294e-01	7.004370e-03
7.170000000000002e+00	1.556929e-01	7.014307e-03
7.180000000000000e+00	1.557563e-01	7.024244e-03
7.190000000000001e+00	1.558196e-01	7.034180e-03
7.199999999999999e+00	1.558829e-01	7.044117e-03
7.210000000000001e+00	1.559461e-01	7.054054e-03
7.219999999999999e+00	1.560092e-01	7.063991e-03
7.230000000000000e+00	1.560722e-01	7.073928e-03
7.240000000000002e+00	1.561352e-01	7.083865e-03
7.250000000000000e+00	1.561981e-01	7.093802e-03
7.260000000000002e+00	1.562609e-01	7.103739e-03
7.270000000000000e+00	1.563236e-01	7.113677e-03
7.280000000000001e+00	1.563863e-01	7.123614e-03
7.289999999999999e+00	1.564489e-01	7.133551e-03
7.300000000000001e+00	1.565114e-01	7.143489e-03
7.309999999999999e+00	1.565739e-01	7.153426e-03
7.320000000000000e+00	1.566363e-01	7.163364e-03
7.330000000000002e+00	1.566986e-01	7.173301e-03
7.340000000000000e+00	1.567609e-01	7.183239e-03
7.350000000000001e+00	1.568231e-01	7.193177e-03
7.359999999999999e+00	1.568852e-01	7.203115e-03
7.370000000000001e+00	1.569472e-01	7.213053e-03
7.379999999999999e+00	1.570092e-01	7.222991e-03
7.390000000000001e+00	1.570711e-01	7.232929e-03
7.400000000000002e+00	1.571329e-01	7.242867e-03
7.410000000000000e+00	1.571947e-01	7.252805e-03
7.420000000000002e+00	1.572563e-01	7.262744e-03
7.430000000000000e+00	1.573180e-01	7.272682e-03
7.440000000000001e+00	1.573795e-01	7.282620e-03
7.449999999999999e+00	1.574410e-01	7.292559e-03
7.460000000000001e+00	1.575024e-01	7.302498e-03
7.469999999999999e+00	1.575638e-01	7.312436e-03
7.480000000000000e+00	1.576251e-01	7.322375e-03
7.490000000000002e+00	1.576863e-01	7.332314e-03
7.500000000000000e+00	1.577474e-01	7.342252e-03
7.510000000000002e+00	1.578085e-01	7.352191e-03
7.520000000000000e+00	1.578695e-01	7.362131e-03
7.530000000000001e+00	1.579305e-01	7.372070e-03
7.539999999999999e+00	1.579913e-01	7.382009e-03
7.550000000000001e+00	1.580521e-01	7.391948e-03
7.559999999999999e+00	1.581129e-01	7.401887e-03
7.570000000000000e+00	1.581736e-01	7.411826e-03
7.580000000000002e+00	1.582342e-01	7.421766e-03
7.590000000000000e+00	1.582947e-01	7.431705e-03
7.600000000000001e+00	1.583552e-01	7.441645e-03
7.609999999999999e+00	1.584156e-01	7.451585e-03
7.620000000000001e+00	1.584760e-01	7.461524e-03
7.629999999999999e+00	1.585363e-01	7.471464e-03
7.640000000000001e+00	1.585965e-01	7.481404e-03
7.650000000000002e+00	1.586566e-01	7.491343e-03
7.660000000000000e+00	1.587167e-01	7.501283e-03
7.670000000000002e+00	1.587767e-01	7.511223e-03
7.680000000000000e+00	1.588367e-01	7.521163e-03
7.690000000000001e+00	1.588966e-01	7.531103e-03
7.699999999999999e+00	1.589564e-01	7.541044e-03
7.710000000000001e+00	1.590162e-01	7.550984e-03
7.719999999999999e+00	1.590759e-01	7.560924e-03
7.730000000000000e+00	1.591355e-01	7.570865e-03
7.740000000000002e+00	1.591951e-01	7.580805e-03
7.750000000000000e+00	1.592546e-01	7.590746e-03
7.760000000000002e+00	1.593141e-01	7.600686e-03
7.770000000000000e+00	1.593734e-01	7.610627e-03
7.780000000000001e+00	1.594328e-01	7.620567e-03
7.789999999999999e+00	1.594920e-01	7.630508e-03
7.800000000000001e+00	1.595512e-01	7.640449e-03
7.809999999999999e+00	1.596104e-01	7.650390e-03
7.820000000000000e+00	1.596694e-01	7.660331e-03
7.830000000000002e+00	1.597284e-01	7.670272e-03
7.840000000000000e+00	1.597874e-01	7.680213e-03
7.850000000000001e+00	1.598463e-01	7.690154e-03
7.859999999999999e+00	1.599051e-01	7.700095e-03
7.870000000000001e+00	1.599639e-01	7.710036e-03
7.879999999999999e+00	1.600226e-01	7.719977e-03
7.890000000000001e+00	1.600812e-01	7.729919e-03
7.900000000000002e+00	1.601398e-01	7.739860e-03
7.910000000000000e+00	1.601983e-01	7.749802e-03
7.920000000000002e+00	1.602568e-01	7.759743e-03
7.930000000000000e+00	1.603152e-01	7.769685e-03
7.940000000000001e+00	1.603735e-01	7.779627e-03
7.949999999999999e+00	1.604318e-01	7.789568e-03
7.960000000000001e+00	1.604900e-01	7.799510e-03
7.969999999999999e+00	1.605482e-01	7.809452e-03
7.980000000000000e+00	1.606063e-01	7.819394e-03
7.990000000000002e+00	1.606643e-01	7.829336e-03
8.000000000000000e+00	1.607223e-01	7.839277e-03
8.010000000000002e+00	1.607802e-01	7.849220e-03
8.020000000000000e+00	1.608380e-01	7.859162e-03
8.030000000000001e+00	1.608958e-01	7.869104e-03
8.039999999999999e+00	1.609536e-01	7.879047e-03
8.050000000000001e+00	1.610113e-01	7.888989e-03
8.059999999999999e+00	1.610689e-01	7.898931e-03
8.070000000000000e+00	1.611264e-01	7.908873e-03
8.080000000000002e+00	1.611840e-01	7.918816e-03
8.090000000000000e+00	1.612414e-01	7.928759e-03
8.100000000000001e+00	1.612988e-01	7.938702e-03
8.109999999999999e+00	1.613561e-01	7.948644e-03
8.120000000000001e+00	1.614134e-01	7.958586e-03
8.129999999999999e+00	1.614706e-01	7.968529e-03
8.140000000000001e+00	1.615278e-01	7.978472e-03
8.150000000000002e+00	1.615849e-01	7.988415e-03
8.160000000000000e+00	1.616419e-01	7.998358e-03
8.170000000000002e+00	1.616989e-01	8.008301e-03
8.180000000000000e+00	1.617558e-01	8.018244e-03
8.190000000000001e+00	1.618127e-01	8.028187e-03
8.199999999999999e+00	1.618695e-01	8.038131e-03
8.210000000000001e+00	1.619263e-01	8.048073e-03
8.219999999999999e+00	1.619830e-01	8.058017e-03
8.230000000000000e+00	1.620397e-01	8.067960e-03
8.240000000000002e+00	1.620962e-01	8.077904e-03
8.250000000000000e+00	1.621528e-01	8.087847e-03
8.260000000000002e+00	1.622093e-01	8.097791e-03
8.270000000000000e+00	1.622657e-01	8.107734e-03
8.280000000000001e+00	1.623221e-01	8.117678e-03
8.289999999999999e+00	1.623784e-01	8.127621e-03
8.300000000000001e+00	1.624346e-01	8.137565e-03
8.309999999999999e+00	1.624908e-01	8.147509e-03
8.320000000000000e+00	1.625470e-01	8.157453e-03
8.330000000000002e+00	1.626031e-01	8.167397e-03
8.340000000000000e+00	1.626591e-01	8.177341e-03
8.350000000000001e+00	1.627151e-01	8.187285e-03
8.359999999999999e+00	1.627710e-01	8.197229e-03
8.370000000000001e+00	1.628269e-01	8.207173e-03
8.379999999999999e+00	1.628827e-01	8.217117e-03
8.390000000000001e+00	1.629385e-01	8.227061e-03
8.400000000000002e+00	1.629942e-01	8.237006e-03
8.410000000000000e+00	1.630498e-01	8.246950e-03
8.420000000000002e+00	1.631055e-01	8.256895e-03
8.430000000000000e+00	1.631610e-01	8.266839e-03
8.440000000000001e+00	1.632165e-01	8.276784e-03
8.449999999999999e+00	1.632719e-01	8.286728e-03
8.460000000000001e+00	1.633273e-01	8.296672e-03
8.469999999999999e+00	1.633827e-01	8.306617e-03
8.480000000000000e+00	1.634380e-01	8.316562e-03
8.490000000000002e+00	1.634932e-01	8.326507e-03
8.500000000000000e+00	1.635484e-01	8.336452e-03
8.510000000000002e+00	1.636035e-01	8.346396e-03
8.520000000000000e+00	1.636586e-01	8.356341e-03
8.530000000000001e+00	1.637136e-01	8.366287e-03
8.539999999999999e+00	1.637686e-01	8.376231e-03
8.550000000000001e+00	1.638235e-01	8.386176e-03
8.559999999999999e+00	1.638783e-01	8.396122e-03
8.570000000000000e+00	1.639331e-01	8.406067e-03
8.580000000000002e+00	1.639879e-01	8.416012e-03
8.590000000000000e+00	1.640426e-01	8.425958e-03
8.600000000000001e+00	1.640973e-01	8.435903e-03
8.609999999999999e+00	1.641519e-01	8.445848e-03
8.620000000000001e+00	1.642064e-01	8.455793e-03
8.629999999999999e+00	1.642609e-01	8.465739e-03
8.640000000000001e+00	1.643154e-01	8.475685e-03
8.650000000000002e+00	1.643698e-01	8.485630e-03
8.660000000000000e+00	1.644241e-01	8.495576e-03
8.670000000000002e+00	1.644784e-01	8.505521e-03
8.680000000000000e+00	1.645327e-01	8.515467e-03
8.690000000000001e+00	1.645869e-01	8.525413e-03
8.699999999999999e+00	1.646410e-01	8.535359e-03
8.710000000000001e+00	1.646951e-01	8.545305e-03
8.719999999999999e+00	1.647492e-01	8.555251e-03
8.730000000000000e+00	1.648032e-01	8.565197e-03
8.740000000000002e+00	1.648571e-01	8.575143e-03
8.750000000000000e+00	1.649110e-01	8.585089e-03
8.760000000000002e+00	1.649649e-01	8.595035e-03
8.770000000000000e+00	1.650187e-01	8.604981e-03
8.780000000000001e+00	1.650724e-01	8.614928e-03
8.789999999999999e+00	1.651261e-01	8.624874e-03
8.800000000000001e+00	1.651798e-01	8.634821e-03
8.809999999999999e+00	1.652334e-01	8.644766e-03
8.820000000000000e+00	1.652869e-01	8.654713e-03
8.830000000000002e+00	1.653404e-01	8.664659e-03
8.840000000000000e+00	1.653939e-01	8.674606e-03
8.850000000000001e+00	1.654473e-01	8.684552e-03
8.859999999999999e+00	1.655006e-01	8.694500e-03
8.870000000000001e+00	1.655539e-01	8.704446e-03
8.879999999999999e+00	1.656072e-01	8.714393e-03
8.890000000000001e+00	1.656604e-01	8.724339e-03
8.900000000000002e+00	1.657136e-01	8.734287e-03
8.910000000000000e+00	1.657667e-01	8.744233e-03
8.920000000000002e+00	1.658197e-01	8.754180e-03
8.930000000000000e+00	1.658728e-01	8.764127e-03
8.940000000000001e+00	1.659257e-01	8.774074e-03
8.949999999999999e+00	1.659787e-01	8.784021e-03
8.960000000000001e+00	1.660315e-01	8.793969e-03
8.969999999999999e+00	1.660844e-01	8.803915e-03
8.980000000000000e+00	1.661372e-01	8.813863e-03
8.990000000000002e+00	1.661899e-01	8.823810e-03
9.000000000000000e+00	1.662426e-01	8.833758e-03
9.010000000000002e+00	1.662952e-01	8.843705e-03
9.020000000000000e+00	1.663478e-01	8.853653e-03
9.030000000000001e+00	1.664004e-01	8.863600e-03
9.039999999999999e+00	1.664529e-01	8.873547e-03
9.050000000000001e+00	1.665053e-01	8.883495e-03
9.059999999999999e+00	1.665577e-01	8.893442e-03
9.070000000000000e+00	1.666101e-01	8.903390e-03
9.080000000000002e+00	1.666624e-01	8.913337e-03
9.090000000000000e+00	1.667147e-01	8.923286e-03
9.100000000000001e+00	1.667669e-01	8.933233e-03
9.109999999999999e+00	1.668191e-01	8.943181e-03
9.120000000000001e+00	1.668712e-01	8.953129e-03
9.129999999999999e+00	1.669233e-01	8.963076e-03
9.140000000000001e+00	1.669753e-01	8.973025e-03
9.150000000000002e+00	1.670273e-01	8.982973e-03
9.160000000000000e+00	1.670792e-01	8.992921e-03
9.170000000000002e+00	1.671311e-01	9.002869e-03
9.180000000000000e+00	1.671830e-01	9.012817e-03
9.190000000000001e+00	1.672348e-01	9.022765e-03
9.199999999999999e+00	1.672866e-01	9.032713e-03
9.210000000000001e+00	1.673383e-01	9.042662e-03
9.219999999999999e+00	1.673900e-01	9.052610e-03
9.230000000000000e+00	1.674416e-01	9.062558e-03
9.240000000000002e+00	1.674932e-01	9.072507e-03
9.250000000000000e+00	1.675447e-01	9.082455e-03
9.260000000000002e+00	1.675962e-01	9.092404e-03
9.270000000000000e+00	1.676477e-01	9.102352e-03
9.280000000000001e+00	1.676991e-01	9.112301e-03
9.289999999999999e+00	1.677504e-01	9.122250e-03
9.300000000000001e+00	1.678018e-01	9.132198e-03
9.309999999999999e+00	1.678530e-01	9.142147e-03
9.320000000000000e+00	1.679043e-01	9.152096e-03
9.330000000000002e+00	1.679554e-01	9.162044e-03
9.340000000000000e+00	1.680066e-01	9.171993e-03
9.350000000000001e+00	1.680577e-01	9.181942e-03
9.359999999999999e+00	1.681087e-01	9.191891e-03
9.370000000000001e+00	1.681598e-01	9.201840e-03
9.379999999999999e+00	1.682107e-01	9.211789e-03
9.390000000000001e+00	1.682617e-01	9.221738e-03
9.400000000000002e+00	1.683125e-01	9.231688e-03
9.410000000000000e+00	1.683634e-01	9.241637e-03
9.420000000000002e+00	1.684142e-01	9.251586e-03
9.430000000000000e+00	1.684649e-01	9.261535e-03
9.440000000000001e+00	1.685156e-01	9.271485e-03
9.449999999999999e+00	1.685663e-01	9.281434e-03
9.460000000000001e+00	1.686169e-01	9.291383e-03
9.469999999999999e+00	1.686675e-01	9.301333e-03
9.480000000000000e+00	1.687181e-01	9.311282e-03
9.490000000000002e+00	1.687686e-01	9.321231e-03
9.500000000000000e+00	1.688190e-01	9.331181e-03
9.510000000000002e+00	1.688694e-01	9.341131e-03
9.520000000000000e+00	1.689198e-01	9.351080e-03
9.530000000000001e+00	1.689701e-01	9.361030e-03
9.539999999999999e+00	1.690204e-01	9.370980e-03
9.550000000000001e+00	1.690706e-01	9.380929e-03
9.559999999999999e+00	1.691208e-01	9.390879e-03
9.570000000000000e+00	1.691710e-01	9.400829e-03
9.580000000000002e+00	1.692211e-01	9.410779e-03
9.590000000000000e+00	1.692712e-01	9.420729e-03
9.600000000000001e+00	1.693213e-01	9.430679e-03
9.609999999999999e+00	1.693712e-01	9.440629e-03
9.620000000000001e+00	1.694212e-01	9.450579e-03
9.629999999999999e+00	1.694711e-01	9.460529e-03
9.640000000000001e+00	1.695210e-01	9.470479e-03
9.650000000000002e+00	1.695708e-01	9.480429e-03
9.660000000000000e+00	1.696206e-01	9.490379e-03
9.670000000000002e+00	1.696703e-01	9.500329e-03
9.680000000000000e+00	1.697201e-01	9.510280e-03
9.690000000000001e+00	1.697697e-01	9.520230e-03
9.699999999999999e+00	1.698194e-01	9.530181e-03
9.710000000000001e+00	1.698689e-01	9.540131e-03
9.719999999999999e+00	1.699185e-01	9.550082e-03
9.730000000000000e+00	1.699680e-01	9.560032e-03
9.740000000000002e+00	1.700175e-01	9.569983e-03
9.750000000000000e+00	1.700669e-01	9.579933e-03
9.760000000000002e+00	1.701163e-01	9.589883e-03
9.770000000000000e+00	1.701656e-01	9.599835e-03
9.780000000000001e+00	1.702149e-01	9.609785e-03
9.789999999999999e+00	1.702642e-01	9.619736e-03
9.800000000000001e+00	1.703134e-01	9.629686e-03
9.809999999999999e+00	1.703626e-01	9.639638e-03
9.820000000000000e+00	1.704117e-01	9.649589e-03
9.830000000000002e+00	1.704608e-01	9.659539e-03
9.840000000000000e+00	1.705099e-01	9.669490e-03
9.850000000000001e+00	1.705589e-01	9.679441e-03
9.859999999999999e+00	1.706079e-01	9.689393e-03
9.870000000000001e+00	1.706569e-01	9.699343e-03
9.879999999999999e+00	1.707058e-01	9.709294e-03
9.890000000000001e+00	1.707546e-01	9.719245e-03
9.900000000000002e+00	1.708035e-01	9.729196e-03
9.910000000000000e+00	1.708523e-01	9.739147e-03
9.920000000000002e+00	1.709010e-01	9.749099e-03
9.930000000000000e+00	1.709497e-01	9.759050e-03
9.940000000000001e+00	1.709984e-01	9.769002e-03
9.949999999999999e+00	1.710470e-01	9.778953e-03
9.960000000000001e+00	1.710956e-01	9.788904e-03
9.969999999999999e+00	1.711442e-01	9.798856e-03
9.980000000000000e+00	1.711927e-01	9.808808e-03
9.990000000000002e+00	1.712412e-01	9.818759e-03
1.000000000000000e+01	1.712896e-01	9.828710e-03
