V1	V(vd1)	I(D1)
-1.000000000000000e+01	-2.268785e+00	-7.731216e-03
-9.990000000000000e+00	-2.268725e+00	-7.721275e-03
-9.980000000000000e+00	-2.268666e+00	-7.711334e-03
-9.970000000000001e+00	-2.268606e+00	-7.701394e-03
-9.960000000000001e+00	-2.268547e+00	-7.691453e-03
-9.949999999999999e+00	-2.268487e+00	-7.681513e-03
-9.940000000000000e+00	-2.268427e+00	-7.671573e-03
-9.930000000000000e+00	-2.268367e+00	-7.661633e-03
-9.920000000000000e+00	-2.268307e+00	-7.651693e-03
-9.910000000000000e+00	-2.268247e+00	-7.641753e-03
-9.900000000000000e+00	-2.268188e+00	-7.631813e-03
-9.890000000000001e+00	-2.268127e+00	-7.621873e-03
-9.880000000000001e+00	-2.268067e+00	-7.611933e-03
-9.869999999999999e+00	-2.268007e+00	-7.601993e-03
-9.859999999999999e+00	-2.267946e+00	-7.592054e-03
-9.850000000000000e+00	-2.267886e+00	-7.582114e-03
-9.840000000000000e+00	-2.267826e+00	-7.572175e-03
-9.830000000000000e+00	-2.267765e+00	-7.562235e-03
-9.820000000000000e+00	-2.267704e+00	-7.552295e-03
-9.810000000000000e+00	-2.267644e+00	-7.542356e-03
-9.800000000000001e+00	-2.267583e+00	-7.532417e-03
-9.789999999999999e+00	-2.267522e+00	-7.522478e-03
-9.779999999999999e+00	-2.267461e+00	-7.512539e-03
-9.770000000000000e+00	-2.267400e+00	-7.502600e-03
-9.760000000000000e+00	-2.267339e+00	-7.492661e-03
-9.750000000000000e+00	-2.267278e+00	-7.482722e-03
-9.740000000000000e+00	-2.267217e+00	-7.472783e-03
-9.730000000000000e+00	-2.267155e+00	-7.462845e-03
-9.720000000000001e+00	-2.267094e+00	-7.452906e-03
-9.710000000000001e+00	-2.267032e+00	-7.442968e-03
-9.699999999999999e+00	-2.266971e+00	-7.433029e-03
-9.690000000000000e+00	-2.266909e+00	-7.423091e-03
-9.680000000000000e+00	-2.266848e+00	-7.413153e-03
-9.670000000000000e+00	-2.266786e+00	-7.403214e-03
-9.660000000000000e+00	-2.266724e+00	-7.393276e-03
-9.650000000000000e+00	-2.266662e+00	-7.383338e-03
-9.640000000000001e+00	-2.266600e+00	-7.373400e-03
-9.630000000000001e+00	-2.266538e+00	-7.363462e-03
-9.619999999999999e+00	-2.266476e+00	-7.353524e-03
-9.609999999999999e+00	-2.266413e+00	-7.343587e-03
-9.600000000000000e+00	-2.266351e+00	-7.333649e-03
-9.590000000000000e+00	-2.266289e+00	-7.323711e-03
-9.580000000000000e+00	-2.266226e+00	-7.313774e-03
-9.570000000000000e+00	-2.266164e+00	-7.303836e-03
-9.560000000000000e+00	-2.266101e+00	-7.293899e-03
-9.550000000000001e+00	-2.266038e+00	-7.283962e-03
-9.539999999999999e+00	-2.265975e+00	-7.274025e-03
-9.529999999999999e+00	-2.265913e+00	-7.264087e-03
-9.520000000000000e+00	-2.265850e+00	-7.254150e-03
-9.510000000000000e+00	-2.265787e+00	-7.244213e-03
-9.500000000000000e+00	-2.265723e+00	-7.234277e-03
-9.490000000000000e+00	-2.265660e+00	-7.224340e-03
-9.480000000000000e+00	-2.265597e+00	-7.214403e-03
-9.470000000000001e+00	-2.265533e+00	-7.204466e-03
-9.460000000000001e+00	-2.265470e+00	-7.194530e-03
-9.449999999999999e+00	-2.265407e+00	-7.184593e-03
-9.440000000000000e+00	-2.265343e+00	-7.174657e-03
-9.430000000000000e+00	-2.265279e+00	-7.164721e-03
-9.420000000000000e+00	-2.265215e+00	-7.154785e-03
-9.410000000000000e+00	-2.265152e+00	-7.144848e-03
-9.400000000000000e+00	-2.265088e+00	-7.134913e-03
-9.390000000000001e+00	-2.265023e+00	-7.124977e-03
-9.380000000000001e+00	-2.264959e+00	-7.115041e-03
-9.369999999999999e+00	-2.264895e+00	-7.105105e-03
-9.359999999999999e+00	-2.264831e+00	-7.095169e-03
-9.350000000000000e+00	-2.264766e+00	-7.085233e-03
-9.340000000000000e+00	-2.264702e+00	-7.075298e-03
-9.330000000000000e+00	-2.264637e+00	-7.065363e-03
-9.320000000000000e+00	-2.264573e+00	-7.055427e-03
-9.310000000000000e+00	-2.264508e+00	-7.045492e-03
-9.300000000000001e+00	-2.264443e+00	-7.035557e-03
-9.289999999999999e+00	-2.264378e+00	-7.025622e-03
-9.279999999999999e+00	-2.264313e+00	-7.015687e-03
-9.270000000000000e+00	-2.264248e+00	-7.005752e-03
-9.260000000000000e+00	-2.264183e+00	-6.995817e-03
-9.250000000000000e+00	-2.264118e+00	-6.985882e-03
-9.240000000000000e+00	-2.264052e+00	-6.975948e-03
-9.230000000000000e+00	-2.263987e+00	-6.966013e-03
-9.220000000000001e+00	-2.263921e+00	-6.956079e-03
-9.210000000000001e+00	-2.263856e+00	-6.946144e-03
-9.199999999999999e+00	-2.263790e+00	-6.936210e-03
-9.190000000000000e+00	-2.263724e+00	-6.926276e-03
-9.180000000000000e+00	-2.263658e+00	-6.916342e-03
-9.170000000000000e+00	-2.263592e+00	-6.906408e-03
-9.160000000000000e+00	-2.263526e+00	-6.896474e-03
-9.150000000000000e+00	-2.263460e+00	-6.886540e-03
-9.140000000000001e+00	-2.263394e+00	-6.876606e-03
-9.130000000000001e+00	-2.263327e+00	-6.866673e-03
-9.119999999999999e+00	-2.263261e+00	-6.856739e-03
-9.109999999999999e+00	-2.263195e+00	-6.846806e-03
-9.100000000000000e+00	-2.263128e+00	-6.836872e-03
-9.090000000000000e+00	-2.263061e+00	-6.826939e-03
-9.080000000000000e+00	-2.262994e+00	-6.817006e-03
-9.070000000000000e+00	-2.262927e+00	-6.807073e-03
-9.060000000000000e+00	-2.262860e+00	-6.797140e-03
-9.050000000000001e+00	-2.262793e+00	-6.787207e-03
-9.039999999999999e+00	-2.262726e+00	-6.777274e-03
-9.029999999999999e+00	-2.262659e+00	-6.767341e-03
-9.020000000000000e+00	-2.262591e+00	-6.757408e-03
-9.010000000000000e+00	-2.262524e+00	-6.747476e-03
-9.000000000000000e+00	-2.262456e+00	-6.737544e-03
-8.990000000000000e+00	-2.262389e+00	-6.727611e-03
-8.980000000000000e+00	-2.262321e+00	-6.717679e-03
-8.970000000000001e+00	-2.262253e+00	-6.707747e-03
-8.960000000000001e+00	-2.262185e+00	-6.697815e-03
-8.949999999999999e+00	-2.262117e+00	-6.687883e-03
-8.940000000000000e+00	-2.262049e+00	-6.677951e-03
-8.930000000000000e+00	-2.261981e+00	-6.668020e-03
-8.920000000000000e+00	-2.261912e+00	-6.658088e-03
-8.910000000000000e+00	-2.261844e+00	-6.648156e-03
-8.900000000000000e+00	-2.261775e+00	-6.638225e-03
-8.890000000000001e+00	-2.261707e+00	-6.628294e-03
-8.879999999999999e+00	-2.261638e+00	-6.618362e-03
-8.869999999999999e+00	-2.261569e+00	-6.608431e-03
-8.859999999999999e+00	-2.261500e+00	-6.598500e-03
-8.850000000000000e+00	-2.261431e+00	-6.588569e-03
-8.840000000000000e+00	-2.261362e+00	-6.578638e-03
-8.830000000000000e+00	-2.261292e+00	-6.568708e-03
-8.820000000000000e+00	-2.261223e+00	-6.558777e-03
-8.810000000000000e+00	-2.261154e+00	-6.548846e-03
-8.800000000000001e+00	-2.261084e+00	-6.538916e-03
-8.789999999999999e+00	-2.261014e+00	-6.528986e-03
-8.779999999999999e+00	-2.260945e+00	-6.519055e-03
-8.770000000000000e+00	-2.260875e+00	-6.509125e-03
-8.760000000000000e+00	-2.260805e+00	-6.499195e-03
-8.750000000000000e+00	-2.260735e+00	-6.489265e-03
-8.740000000000000e+00	-2.260664e+00	-6.479335e-03
-8.730000000000000e+00	-2.260594e+00	-6.469406e-03
-8.720000000000001e+00	-2.260524e+00	-6.459476e-03
-8.710000000000001e+00	-2.260453e+00	-6.449547e-03
-8.699999999999999e+00	-2.260383e+00	-6.439617e-03
-8.690000000000000e+00	-2.260312e+00	-6.429688e-03
-8.680000000000000e+00	-2.260241e+00	-6.419759e-03
-8.670000000000000e+00	-2.260170e+00	-6.409830e-03
-8.660000000000000e+00	-2.260099e+00	-6.399901e-03
-8.650000000000000e+00	-2.260028e+00	-6.389972e-03
-8.640000000000001e+00	-2.259957e+00	-6.380043e-03
-8.629999999999999e+00	-2.259886e+00	-6.370115e-03
-8.619999999999999e+00	-2.259814e+00	-6.360186e-03
-8.609999999999999e+00	-2.259742e+00	-6.350257e-03
-8.600000000000000e+00	-2.259671e+00	-6.340330e-03
-8.590000000000000e+00	-2.259599e+00	-6.330401e-03
-8.580000000000000e+00	-2.259527e+00	-6.320473e-03
-8.570000000000000e+00	-2.259455e+00	-6.310545e-03
-8.560000000000000e+00	-2.259383e+00	-6.300617e-03
-8.550000000000001e+00	-2.259310e+00	-6.290690e-03
-8.539999999999999e+00	-2.259238e+00	-6.280762e-03
-8.529999999999999e+00	-2.259166e+00	-6.270834e-03
-8.520000000000000e+00	-2.259093e+00	-6.260907e-03
-8.510000000000000e+00	-2.259020e+00	-6.250980e-03
-8.500000000000000e+00	-2.258948e+00	-6.241052e-03
-8.490000000000000e+00	-2.258875e+00	-6.231125e-03
-8.480000000000000e+00	-2.258801e+00	-6.221198e-03
-8.470000000000001e+00	-2.258729e+00	-6.211272e-03
-8.460000000000001e+00	-2.258655e+00	-6.201345e-03
-8.449999999999999e+00	-2.258582e+00	-6.191419e-03
-8.440000000000000e+00	-2.258508e+00	-6.181492e-03
-8.430000000000000e+00	-2.258435e+00	-6.171566e-03
-8.420000000000000e+00	-2.258361e+00	-6.161639e-03
-8.410000000000000e+00	-2.258287e+00	-6.151713e-03
-8.400000000000000e+00	-2.258213e+00	-6.141787e-03
-8.390000000000001e+00	-2.258139e+00	-6.131861e-03
-8.379999999999999e+00	-2.258065e+00	-6.121935e-03
-8.369999999999999e+00	-2.257990e+00	-6.112010e-03
-8.359999999999999e+00	-2.257916e+00	-6.102084e-03
-8.350000000000000e+00	-2.257841e+00	-6.092159e-03
-8.340000000000000e+00	-2.257766e+00	-6.082234e-03
-8.330000000000000e+00	-2.257692e+00	-6.072308e-03
-8.320000000000000e+00	-2.257617e+00	-6.062383e-03
-8.310000000000000e+00	-2.257542e+00	-6.052458e-03
-8.300000000000001e+00	-2.257467e+00	-6.042534e-03
-8.289999999999999e+00	-2.257391e+00	-6.032609e-03
-8.279999999999999e+00	-2.257316e+00	-6.022684e-03
-8.270000000000000e+00	-2.257240e+00	-6.012760e-03
-8.260000000000000e+00	-2.257164e+00	-6.002835e-03
-8.250000000000000e+00	-2.257089e+00	-5.992911e-03
-8.240000000000000e+00	-2.257013e+00	-5.982987e-03
-8.230000000000000e+00	-2.256937e+00	-5.973063e-03
-8.220000000000001e+00	-2.256860e+00	-5.963140e-03
-8.210000000000001e+00	-2.256784e+00	-5.953216e-03
-8.199999999999999e+00	-2.256708e+00	-5.943292e-03
-8.190000000000000e+00	-2.256631e+00	-5.933369e-03
-8.180000000000000e+00	-2.256554e+00	-5.923446e-03
-8.170000000000000e+00	-2.256477e+00	-5.913523e-03
-8.160000000000000e+00	-2.256401e+00	-5.903599e-03
-8.150000000000000e+00	-2.256323e+00	-5.893677e-03
-8.140000000000001e+00	-2.256246e+00	-5.883754e-03
-8.129999999999999e+00	-2.256169e+00	-5.873831e-03
-8.119999999999999e+00	-2.256091e+00	-5.863909e-03
-8.109999999999999e+00	-2.256014e+00	-5.853986e-03
-8.100000000000000e+00	-2.255936e+00	-5.844064e-03
-8.090000000000000e+00	-2.255858e+00	-5.834142e-03
-8.080000000000000e+00	-2.255780e+00	-5.824220e-03
-8.070000000000000e+00	-2.255702e+00	-5.814298e-03
-8.060000000000000e+00	-2.255624e+00	-5.804377e-03
-8.050000000000001e+00	-2.255545e+00	-5.794455e-03
-8.039999999999999e+00	-2.255466e+00	-5.784533e-03
-8.029999999999999e+00	-2.255388e+00	-5.774612e-03
-8.020000000000000e+00	-2.255309e+00	-5.764691e-03
-8.010000000000000e+00	-2.255230e+00	-5.754770e-03
-8.000000000000000e+00	-2.255151e+00	-5.744849e-03
-7.990000000000000e+00	-2.255072e+00	-5.734928e-03
-7.980000000000000e+00	-2.254992e+00	-5.725008e-03
-7.970000000000000e+00	-2.254913e+00	-5.715087e-03
-7.960000000000000e+00	-2.254833e+00	-5.705167e-03
-7.950000000000000e+00	-2.254753e+00	-5.695247e-03
-7.940000000000000e+00	-2.254673e+00	-5.685327e-03
-7.930000000000000e+00	-2.254593e+00	-5.675407e-03
-7.920000000000000e+00	-2.254513e+00	-5.665487e-03
-7.910000000000000e+00	-2.254432e+00	-5.655568e-03
-7.900000000000000e+00	-2.254352e+00	-5.645648e-03
-7.890000000000001e+00	-2.254271e+00	-5.635729e-03
-7.880000000000000e+00	-2.254190e+00	-5.625810e-03
-7.870000000000000e+00	-2.254110e+00	-5.615890e-03
-7.859999999999999e+00	-2.254029e+00	-5.605971e-03
-7.850000000000000e+00	-2.253947e+00	-5.596053e-03
-7.840000000000000e+00	-2.253866e+00	-5.586134e-03
-7.830000000000000e+00	-2.253784e+00	-5.576216e-03
-7.820000000000000e+00	-2.253703e+00	-5.566298e-03
-7.810000000000000e+00	-2.253621e+00	-5.556379e-03
-7.800000000000000e+00	-2.253539e+00	-5.546461e-03
-7.790000000000000e+00	-2.253457e+00	-5.536544e-03
-7.779999999999999e+00	-2.253374e+00	-5.526626e-03
-7.770000000000000e+00	-2.253292e+00	-5.516708e-03
-7.760000000000000e+00	-2.253209e+00	-5.506791e-03
-7.750000000000000e+00	-2.253126e+00	-5.496874e-03
-7.740000000000000e+00	-2.253043e+00	-5.486956e-03
-7.730000000000000e+00	-2.252960e+00	-5.477040e-03
-7.720000000000000e+00	-2.252877e+00	-5.467123e-03
-7.710000000000000e+00	-2.252794e+00	-5.457206e-03
-7.699999999999999e+00	-2.252710e+00	-5.447290e-03
-7.690000000000000e+00	-2.252627e+00	-5.437373e-03
-7.680000000000000e+00	-2.252543e+00	-5.427457e-03
-7.670000000000000e+00	-2.252459e+00	-5.417541e-03
-7.660000000000000e+00	-2.252375e+00	-5.407625e-03
-7.650000000000000e+00	-2.252290e+00	-5.397710e-03
-7.640000000000001e+00	-2.252206e+00	-5.387794e-03
-7.630000000000000e+00	-2.252121e+00	-5.377879e-03
-7.620000000000000e+00	-2.252036e+00	-5.367964e-03
-7.609999999999999e+00	-2.251951e+00	-5.358049e-03
-7.600000000000000e+00	-2.251866e+00	-5.348134e-03
-7.590000000000000e+00	-2.251781e+00	-5.338219e-03
-7.580000000000000e+00	-2.251695e+00	-5.328305e-03
-7.570000000000000e+00	-2.251610e+00	-5.318390e-03
-7.560000000000000e+00	-2.251524e+00	-5.308476e-03
-7.550000000000000e+00	-2.251438e+00	-5.298562e-03
-7.540000000000000e+00	-2.251352e+00	-5.288648e-03
-7.529999999999999e+00	-2.251266e+00	-5.278734e-03
-7.520000000000000e+00	-2.251179e+00	-5.268821e-03
-7.510000000000000e+00	-2.251092e+00	-5.258908e-03
-7.500000000000000e+00	-2.251006e+00	-5.248994e-03
-7.490000000000000e+00	-2.250919e+00	-5.239081e-03
-7.480000000000000e+00	-2.250832e+00	-5.229169e-03
-7.470000000000000e+00	-2.250744e+00	-5.219256e-03
-7.460000000000000e+00	-2.250657e+00	-5.209343e-03
-7.449999999999999e+00	-2.250569e+00	-5.199431e-03
-7.440000000000000e+00	-2.250481e+00	-5.189519e-03
-7.430000000000000e+00	-2.250393e+00	-5.179607e-03
-7.420000000000000e+00	-2.250305e+00	-5.169695e-03
-7.410000000000000e+00	-2.250217e+00	-5.159783e-03
-7.400000000000000e+00	-2.250128e+00	-5.149872e-03
-7.390000000000001e+00	-2.250039e+00	-5.139960e-03
-7.380000000000000e+00	-2.249950e+00	-5.130050e-03
-7.370000000000000e+00	-2.249861e+00	-5.120139e-03
-7.359999999999999e+00	-2.249772e+00	-5.110228e-03
-7.350000000000000e+00	-2.249683e+00	-5.100317e-03
-7.340000000000000e+00	-2.249593e+00	-5.090407e-03
-7.330000000000000e+00	-2.249503e+00	-5.080497e-03
-7.320000000000000e+00	-2.249413e+00	-5.070587e-03
-7.310000000000000e+00	-2.249323e+00	-5.060677e-03
-7.300000000000000e+00	-2.249233e+00	-5.050767e-03
-7.290000000000000e+00	-2.249142e+00	-5.040858e-03
-7.279999999999999e+00	-2.249051e+00	-5.030949e-03
-7.270000000000000e+00	-2.248960e+00	-5.021040e-03
-7.260000000000000e+00	-2.248869e+00	-5.011131e-03
-7.250000000000000e+00	-2.248778e+00	-5.001222e-03
-7.240000000000000e+00	-2.248686e+00	-4.991313e-03
-7.230000000000000e+00	-2.248595e+00	-4.981406e-03
-7.220000000000000e+00	-2.248503e+00	-4.971497e-03
-7.210000000000000e+00	-2.248411e+00	-4.961589e-03
-7.199999999999999e+00	-2.248318e+00	-4.951681e-03
-7.190000000000000e+00	-2.248226e+00	-4.941774e-03
-7.180000000000000e+00	-2.248133e+00	-4.931867e-03
-7.170000000000000e+00	-2.248040e+00	-4.921960e-03
-7.160000000000000e+00	-2.247947e+00	-4.912053e-03
-7.150000000000000e+00	-2.247854e+00	-4.902146e-03
-7.140000000000001e+00	-2.247760e+00	-4.892240e-03
-7.130000000000000e+00	-2.247667e+00	-4.882333e-03
-7.120000000000000e+00	-2.247573e+00	-4.872427e-03
-7.109999999999999e+00	-2.247479e+00	-4.862521e-03
-7.100000000000000e+00	-2.247384e+00	-4.852616e-03
-7.090000000000000e+00	-2.247290e+00	-4.842710e-03
-7.080000000000000e+00	-2.247195e+00	-4.832805e-03
-7.070000000000000e+00	-2.247100e+00	-4.822900e-03
-7.060000000000000e+00	-2.247005e+00	-4.812995e-03
-7.050000000000000e+00	-2.246910e+00	-4.803090e-03
-7.040000000000000e+00	-2.246814e+00	-4.793186e-03
-7.029999999999999e+00	-2.246718e+00	-4.783282e-03
-7.020000000000000e+00	-2.246623e+00	-4.773377e-03
-7.010000000000000e+00	-2.246526e+00	-4.763474e-03
-7.000000000000000e+00	-2.246430e+00	-4.753570e-03
-6.990000000000000e+00	-2.246333e+00	-4.743667e-03
-6.980000000000000e+00	-2.246236e+00	-4.733764e-03
-6.970000000000000e+00	-2.246139e+00	-4.723861e-03
-6.960000000000000e+00	-2.246042e+00	-4.713958e-03
-6.949999999999999e+00	-2.245944e+00	-4.704055e-03
-6.940000000000000e+00	-2.245847e+00	-4.694153e-03
-6.930000000000000e+00	-2.245749e+00	-4.684251e-03
-6.920000000000000e+00	-2.245651e+00	-4.674349e-03
-6.910000000000000e+00	-2.245552e+00	-4.664448e-03
-6.900000000000000e+00	-2.245454e+00	-4.654546e-03
-6.890000000000001e+00	-2.245355e+00	-4.644645e-03
-6.880000000000000e+00	-2.245256e+00	-4.634744e-03
-6.870000000000000e+00	-2.245156e+00	-4.624844e-03
-6.859999999999999e+00	-2.245057e+00	-4.614943e-03
-6.850000000000000e+00	-2.244957e+00	-4.605043e-03
-6.840000000000000e+00	-2.244857e+00	-4.595143e-03
-6.830000000000000e+00	-2.244757e+00	-4.585243e-03
-6.820000000000000e+00	-2.244656e+00	-4.575344e-03
-6.810000000000000e+00	-2.244556e+00	-4.565444e-03
-6.800000000000000e+00	-2.244455e+00	-4.555545e-03
-6.790000000000000e+00	-2.244354e+00	-4.545647e-03
-6.779999999999999e+00	-2.244252e+00	-4.535748e-03
-6.770000000000000e+00	-2.244150e+00	-4.525850e-03
-6.760000000000000e+00	-2.244048e+00	-4.515951e-03
-6.750000000000000e+00	-2.243946e+00	-4.506054e-03
-6.740000000000000e+00	-2.243844e+00	-4.496156e-03
-6.730000000000000e+00	-2.243741e+00	-4.486259e-03
-6.720000000000000e+00	-2.243638e+00	-4.476362e-03
-6.710000000000000e+00	-2.243535e+00	-4.466465e-03
-6.699999999999999e+00	-2.243432e+00	-4.456569e-03
-6.690000000000000e+00	-2.243328e+00	-4.446672e-03
-6.680000000000000e+00	-2.243224e+00	-4.436776e-03
-6.670000000000000e+00	-2.243120e+00	-4.426880e-03
-6.660000000000000e+00	-2.243016e+00	-4.416985e-03
-6.650000000000000e+00	-2.242911e+00	-4.407089e-03
-6.640000000000001e+00	-2.242806e+00	-4.397194e-03
-6.630000000000000e+00	-2.242701e+00	-4.387300e-03
-6.620000000000000e+00	-2.242595e+00	-4.377405e-03
-6.609999999999999e+00	-2.242489e+00	-4.367511e-03
-6.600000000000000e+00	-2.242383e+00	-4.357616e-03
-6.590000000000000e+00	-2.242277e+00	-4.347723e-03
-6.580000000000000e+00	-2.242171e+00	-4.337830e-03
-6.570000000000000e+00	-2.242064e+00	-4.327936e-03
-6.560000000000000e+00	-2.241957e+00	-4.318043e-03
-6.550000000000000e+00	-2.241849e+00	-4.308151e-03
-6.540000000000000e+00	-2.241742e+00	-4.298258e-03
-6.529999999999999e+00	-2.241634e+00	-4.288366e-03
-6.520000000000000e+00	-2.241526e+00	-4.278474e-03
-6.510000000000000e+00	-2.241417e+00	-4.268583e-03
-6.500000000000000e+00	-2.241308e+00	-4.258692e-03
-6.490000000000000e+00	-2.241199e+00	-4.248801e-03
-6.480000000000000e+00	-2.241090e+00	-4.238910e-03
-6.470000000000000e+00	-2.240980e+00	-4.229019e-03
-6.460000000000000e+00	-2.240870e+00	-4.219130e-03
-6.449999999999999e+00	-2.240760e+00	-4.209240e-03
-6.440000000000000e+00	-2.240650e+00	-4.199350e-03
-6.430000000000000e+00	-2.240539e+00	-4.189461e-03
-6.420000000000000e+00	-2.240428e+00	-4.179572e-03
-6.410000000000000e+00	-2.240317e+00	-4.169683e-03
-6.400000000000000e+00	-2.240205e+00	-4.159795e-03
-6.390000000000001e+00	-2.240093e+00	-4.149907e-03
-6.380000000000000e+00	-2.239981e+00	-4.140019e-03
-6.370000000000000e+00	-2.239868e+00	-4.130132e-03
-6.359999999999999e+00	-2.239755e+00	-4.120245e-03
-6.350000000000000e+00	-2.239642e+00	-4.110358e-03
-6.340000000000000e+00	-2.239529e+00	-4.100471e-03
-6.330000000000000e+00	-2.239415e+00	-4.090585e-03
-6.320000000000000e+00	-2.239301e+00	-4.080699e-03
-6.310000000000000e+00	-2.239187e+00	-4.070813e-03
-6.300000000000000e+00	-2.239072e+00	-4.060928e-03
-6.290000000000000e+00	-2.238957e+00	-4.051043e-03
-6.279999999999999e+00	-2.238842e+00	-4.041159e-03
-6.270000000000000e+00	-2.238726e+00	-4.031274e-03
-6.260000000000000e+00	-2.238610e+00	-4.021390e-03
-6.250000000000000e+00	-2.238493e+00	-4.011507e-03
-6.240000000000000e+00	-2.238377e+00	-4.001623e-03
-6.230000000000000e+00	-2.238260e+00	-3.991740e-03
-6.220000000000000e+00	-2.238142e+00	-3.981858e-03
-6.210000000000000e+00	-2.238025e+00	-3.971975e-03
-6.199999999999999e+00	-2.237907e+00	-3.962093e-03
-6.190000000000000e+00	-2.237788e+00	-3.952211e-03
-6.180000000000000e+00	-2.237670e+00	-3.942330e-03
-6.170000000000000e+00	-2.237551e+00	-3.932449e-03
-6.160000000000000e+00	-2.237432e+00	-3.922569e-03
-6.150000000000000e+00	-2.237312e+00	-3.912688e-03
-6.140000000000001e+00	-2.237192e+00	-3.902808e-03
-6.130000000000000e+00	-2.237071e+00	-3.892929e-03
-6.120000000000000e+00	-2.236951e+00	-3.883049e-03
-6.109999999999999e+00	-2.236830e+00	-3.873170e-03
-6.100000000000000e+00	-2.236708e+00	-3.863292e-03
-6.090000000000000e+00	-2.236586e+00	-3.853414e-03
-6.080000000000000e+00	-2.236464e+00	-3.843536e-03
-6.070000000000000e+00	-2.236341e+00	-3.833659e-03
-6.060000000000000e+00	-2.236219e+00	-3.823781e-03
-6.050000000000000e+00	-2.236095e+00	-3.813905e-03
-6.040000000000000e+00	-2.235972e+00	-3.804028e-03
-6.029999999999999e+00	-2.235848e+00	-3.794152e-03
-6.020000000000000e+00	-2.235723e+00	-3.784277e-03
-6.010000000000000e+00	-2.235599e+00	-3.774401e-03
-6.000000000000000e+00	-2.235473e+00	-3.764527e-03
-5.990000000000000e+00	-2.235348e+00	-3.754652e-03
-5.980000000000000e+00	-2.235222e+00	-3.744778e-03
-5.970000000000000e+00	-2.235096e+00	-3.734905e-03
-5.960000000000000e+00	-2.234969e+00	-3.725031e-03
-5.950000000000000e+00	-2.234842e+00	-3.715158e-03
-5.940000000000000e+00	-2.234714e+00	-3.705286e-03
-5.930000000000000e+00	-2.234586e+00	-3.695414e-03
-5.920000000000000e+00	-2.234458e+00	-3.685542e-03
-5.910000000000000e+00	-2.234329e+00	-3.675671e-03
-5.900000000000000e+00	-2.234200e+00	-3.665800e-03
-5.890000000000000e+00	-2.234071e+00	-3.655929e-03
-5.880000000000000e+00	-2.233941e+00	-3.646059e-03
-5.870000000000000e+00	-2.233810e+00	-3.636190e-03
-5.860000000000000e+00	-2.233680e+00	-3.626321e-03
-5.850000000000000e+00	-2.233548e+00	-3.616452e-03
-5.840000000000000e+00	-2.233417e+00	-3.606583e-03
-5.830000000000000e+00	-2.233285e+00	-3.596715e-03
-5.820000000000000e+00	-2.233152e+00	-3.586848e-03
-5.810000000000000e+00	-2.233019e+00	-3.576981e-03
-5.800000000000000e+00	-2.232886e+00	-3.567114e-03
-5.790000000000000e+00	-2.232752e+00	-3.557248e-03
-5.780000000000000e+00	-2.232618e+00	-3.547382e-03
-5.770000000000000e+00	-2.232483e+00	-3.537517e-03
-5.760000000000000e+00	-2.232348e+00	-3.527652e-03
-5.750000000000000e+00	-2.232213e+00	-3.517787e-03
-5.740000000000000e+00	-2.232076e+00	-3.507924e-03
-5.730000000000000e+00	-2.231940e+00	-3.498060e-03
-5.720000000000000e+00	-2.231803e+00	-3.488197e-03
-5.710000000000000e+00	-2.231666e+00	-3.478335e-03
-5.700000000000000e+00	-2.231528e+00	-3.468472e-03
-5.690000000000000e+00	-2.231389e+00	-3.458611e-03
-5.680000000000000e+00	-2.231251e+00	-3.448749e-03
-5.670000000000000e+00	-2.231111e+00	-3.438889e-03
-5.660000000000000e+00	-2.230971e+00	-3.429029e-03
-5.649999999999999e+00	-2.230831e+00	-3.419169e-03
-5.640000000000000e+00	-2.230690e+00	-3.409310e-03
-5.630000000000000e+00	-2.230549e+00	-3.399451e-03
-5.620000000000000e+00	-2.230407e+00	-3.389593e-03
-5.610000000000000e+00	-2.230265e+00	-3.379735e-03
-5.600000000000000e+00	-2.230122e+00	-3.369878e-03
-5.590000000000000e+00	-2.229979e+00	-3.360021e-03
-5.580000000000000e+00	-2.229835e+00	-3.350165e-03
-5.570000000000000e+00	-2.229691e+00	-3.340309e-03
-5.560000000000000e+00	-2.229546e+00	-3.330454e-03
-5.550000000000000e+00	-2.229400e+00	-3.320600e-03
-5.540000000000000e+00	-2.229254e+00	-3.310746e-03
-5.530000000000000e+00	-2.229108e+00	-3.300892e-03
-5.520000000000000e+00	-2.228961e+00	-3.291039e-03
-5.510000000000000e+00	-2.228814e+00	-3.281186e-03
-5.500000000000000e+00	-2.228666e+00	-3.271335e-03
-5.490000000000000e+00	-2.228517e+00	-3.261483e-03
-5.480000000000000e+00	-2.228368e+00	-3.251632e-03
-5.470000000000000e+00	-2.228218e+00	-3.241782e-03
-5.460000000000000e+00	-2.228068e+00	-3.231932e-03
-5.450000000000000e+00	-2.227917e+00	-3.222083e-03
-5.440000000000000e+00	-2.227765e+00	-3.212235e-03
-5.430000000000000e+00	-2.227613e+00	-3.202387e-03
-5.420000000000000e+00	-2.227461e+00	-3.192539e-03
-5.410000000000000e+00	-2.227308e+00	-3.182692e-03
-5.399999999999999e+00	-2.227154e+00	-3.172846e-03
-5.390000000000000e+00	-2.227000e+00	-3.163001e-03
-5.380000000000000e+00	-2.226845e+00	-3.153156e-03
-5.370000000000000e+00	-2.226689e+00	-3.143311e-03
-5.360000000000000e+00	-2.226533e+00	-3.133467e-03
-5.350000000000000e+00	-2.226376e+00	-3.123624e-03
-5.340000000000000e+00	-2.226218e+00	-3.113782e-03
-5.330000000000000e+00	-2.226060e+00	-3.103940e-03
-5.320000000000000e+00	-2.225902e+00	-3.094098e-03
-5.310000000000000e+00	-2.225742e+00	-3.084258e-03
-5.300000000000000e+00	-2.225582e+00	-3.074418e-03
-5.290000000000000e+00	-2.225422e+00	-3.064578e-03
-5.280000000000000e+00	-2.225260e+00	-3.054739e-03
-5.270000000000000e+00	-2.225099e+00	-3.044901e-03
-5.260000000000000e+00	-2.224936e+00	-3.035064e-03
-5.250000000000000e+00	-2.224773e+00	-3.025227e-03
-5.240000000000000e+00	-2.224609e+00	-3.015391e-03
-5.230000000000000e+00	-2.224444e+00	-3.005556e-03
-5.220000000000000e+00	-2.224279e+00	-2.995721e-03
-5.210000000000000e+00	-2.224113e+00	-2.985887e-03
-5.200000000000000e+00	-2.223946e+00	-2.976054e-03
-5.190000000000000e+00	-2.223778e+00	-2.966221e-03
-5.180000000000000e+00	-2.223610e+00	-2.956390e-03
-5.170000000000000e+00	-2.223441e+00	-2.946559e-03
-5.160000000000000e+00	-2.223272e+00	-2.936728e-03
-5.149999999999999e+00	-2.223102e+00	-2.926898e-03
-5.140000000000000e+00	-2.222930e+00	-2.917069e-03
-5.130000000000000e+00	-2.222759e+00	-2.907241e-03
-5.120000000000000e+00	-2.222586e+00	-2.897414e-03
-5.110000000000000e+00	-2.222413e+00	-2.887587e-03
-5.100000000000000e+00	-2.222239e+00	-2.877761e-03
-5.090000000000000e+00	-2.222064e+00	-2.867936e-03
-5.080000000000000e+00	-2.221888e+00	-2.858112e-03
-5.070000000000000e+00	-2.221711e+00	-2.848289e-03
-5.060000000000000e+00	-2.221534e+00	-2.838466e-03
-5.050000000000000e+00	-2.221356e+00	-2.828644e-03
-5.040000000000000e+00	-2.221177e+00	-2.818823e-03
-5.030000000000000e+00	-2.220998e+00	-2.809003e-03
-5.020000000000000e+00	-2.220817e+00	-2.799183e-03
-5.010000000000000e+00	-2.220636e+00	-2.789364e-03
-5.000000000000000e+00	-2.220454e+00	-2.779547e-03
-4.990000000000000e+00	-2.220270e+00	-2.769730e-03
-4.980000000000000e+00	-2.220086e+00	-2.759914e-03
-4.970000000000000e+00	-2.219902e+00	-2.750098e-03
-4.960000000000000e+00	-2.219716e+00	-2.740284e-03
-4.950000000000000e+00	-2.219529e+00	-2.730471e-03
-4.940000000000000e+00	-2.219342e+00	-2.720658e-03
-4.930000000000000e+00	-2.219153e+00	-2.710846e-03
-4.920000000000000e+00	-2.218964e+00	-2.701036e-03
-4.910000000000000e+00	-2.218774e+00	-2.691226e-03
-4.899999999999999e+00	-2.218583e+00	-2.681417e-03
-4.890000000000000e+00	-2.218391e+00	-2.671609e-03
-4.880000000000000e+00	-2.218198e+00	-2.661802e-03
-4.870000000000000e+00	-2.218004e+00	-2.651996e-03
-4.860000000000000e+00	-2.217808e+00	-2.642191e-03
-4.850000000000000e+00	-2.217613e+00	-2.632387e-03
-4.840000000000000e+00	-2.217416e+00	-2.622585e-03
-4.830000000000000e+00	-2.217217e+00	-2.612782e-03
-4.820000000000000e+00	-2.217019e+00	-2.602981e-03
-4.810000000000000e+00	-2.216819e+00	-2.593182e-03
-4.800000000000000e+00	-2.216617e+00	-2.583383e-03
-4.790000000000000e+00	-2.216415e+00	-2.573585e-03
-4.780000000000000e+00	-2.216212e+00	-2.563788e-03
-4.770000000000000e+00	-2.216008e+00	-2.553992e-03
-4.760000000000000e+00	-2.215802e+00	-2.544197e-03
-4.750000000000000e+00	-2.215596e+00	-2.534404e-03
-4.740000000000000e+00	-2.215389e+00	-2.524612e-03
-4.730000000000000e+00	-2.215180e+00	-2.514820e-03
-4.720000000000000e+00	-2.214970e+00	-2.505030e-03
-4.710000000000000e+00	-2.214759e+00	-2.495241e-03
-4.700000000000000e+00	-2.214547e+00	-2.485453e-03
-4.690000000000000e+00	-2.214334e+00	-2.475667e-03
-4.680000000000000e+00	-2.214119e+00	-2.465881e-03
-4.670000000000000e+00	-2.213903e+00	-2.456097e-03
-4.660000000000000e+00	-2.213686e+00	-2.446314e-03
-4.649999999999999e+00	-2.213468e+00	-2.436532e-03
-4.640000000000000e+00	-2.213249e+00	-2.426751e-03
-4.630000000000000e+00	-2.213028e+00	-2.416972e-03
-4.620000000000000e+00	-2.212806e+00	-2.407194e-03
-4.610000000000000e+00	-2.212583e+00	-2.397417e-03
-4.600000000000000e+00	-2.212359e+00	-2.387641e-03
-4.590000000000000e+00	-2.212133e+00	-2.377867e-03
-4.580000000000000e+00	-2.211906e+00	-2.368094e-03
-4.570000000000000e+00	-2.211677e+00	-2.358323e-03
-4.560000000000000e+00	-2.211447e+00	-2.348553e-03
-4.550000000000000e+00	-2.211216e+00	-2.338784e-03
-4.540000000000000e+00	-2.210983e+00	-2.329017e-03
-4.530000000000000e+00	-2.210749e+00	-2.319251e-03
-4.520000000000000e+00	-2.210514e+00	-2.309487e-03
-4.510000000000000e+00	-2.210276e+00	-2.299723e-03
-4.500000000000000e+00	-2.210038e+00	-2.289962e-03
-4.490000000000000e+00	-2.209798e+00	-2.280202e-03
-4.480000000000000e+00	-2.209557e+00	-2.270444e-03
-4.470000000000000e+00	-2.209313e+00	-2.260687e-03
-4.460000000000000e+00	-2.209069e+00	-2.250931e-03
-4.450000000000000e+00	-2.208822e+00	-2.241177e-03
-4.440000000000000e+00	-2.208575e+00	-2.231425e-03
-4.430000000000000e+00	-2.208325e+00	-2.221675e-03
-4.420000000000000e+00	-2.208074e+00	-2.211926e-03
-4.410000000000000e+00	-2.207822e+00	-2.202178e-03
-4.399999999999999e+00	-2.207567e+00	-2.192433e-03
-4.390000000000000e+00	-2.207311e+00	-2.182689e-03
-4.380000000000000e+00	-2.207053e+00	-2.172947e-03
-4.370000000000000e+00	-2.206794e+00	-2.163206e-03
-4.360000000000000e+00	-2.206532e+00	-2.153468e-03
-4.350000000000000e+00	-2.206269e+00	-2.143731e-03
-4.340000000000000e+00	-2.206004e+00	-2.133996e-03
-4.330000000000000e+00	-2.205737e+00	-2.124263e-03
-4.320000000000000e+00	-2.205468e+00	-2.114532e-03
-4.310000000000000e+00	-2.205198e+00	-2.104803e-03
-4.300000000000000e+00	-2.204925e+00	-2.095075e-03
-4.290000000000000e+00	-2.204650e+00	-2.085350e-03
-4.280000000000000e+00	-2.204374e+00	-2.075627e-03
-4.270000000000000e+00	-2.204095e+00	-2.065905e-03
-4.260000000000000e+00	-2.203814e+00	-2.056186e-03
-4.250000000000000e+00	-2.203531e+00	-2.046469e-03
-4.240000000000000e+00	-2.203246e+00	-2.036754e-03
-4.230000000000000e+00	-2.202959e+00	-2.027041e-03
-4.220000000000000e+00	-2.202670e+00	-2.017330e-03
-4.210000000000000e+00	-2.202378e+00	-2.007622e-03
-4.200000000000000e+00	-2.202085e+00	-1.997916e-03
-4.190000000000000e+00	-2.201788e+00	-1.988212e-03
-4.180000000000000e+00	-2.201490e+00	-1.978510e-03
-4.170000000000000e+00	-2.201189e+00	-1.968811e-03
-4.160000000000000e+00	-2.200886e+00	-1.959114e-03
-4.149999999999999e+00	-2.200580e+00	-1.949420e-03
-4.140000000000000e+00	-2.200272e+00	-1.939728e-03
-4.130000000000000e+00	-2.199961e+00	-1.930039e-03
-4.120000000000000e+00	-2.199648e+00	-1.920352e-03
-4.110000000000000e+00	-2.199332e+00	-1.910668e-03
-4.100000000000000e+00	-2.199013e+00	-1.900987e-03
-4.090000000000000e+00	-2.198692e+00	-1.891308e-03
-4.080000000000000e+00	-2.198368e+00	-1.881632e-03
-4.070000000000000e+00	-2.198041e+00	-1.871959e-03
-4.060000000000000e+00	-2.197711e+00	-1.862289e-03
-4.050000000000000e+00	-2.197378e+00	-1.852622e-03
-4.040000000000000e+00	-2.197043e+00	-1.842957e-03
-4.030000000000000e+00	-2.196704e+00	-1.833296e-03
-4.020000000000000e+00	-2.196362e+00	-1.823638e-03
-4.010000000000000e+00	-2.196017e+00	-1.813983e-03
-4.000000000000000e+00	-2.195669e+00	-1.804331e-03
-3.990000000000000e+00	-2.195318e+00	-1.794682e-03
-3.980000000000000e+00	-2.194963e+00	-1.785037e-03
-3.970000000000000e+00	-2.194605e+00	-1.775395e-03
-3.960000000000000e+00	-2.194244e+00	-1.765756e-03
-3.950000000000000e+00	-2.193879e+00	-1.756121e-03
-3.940000000000000e+00	-2.193510e+00	-1.746490e-03
-3.930000000000000e+00	-2.193138e+00	-1.736862e-03
-3.920000000000000e+00	-2.192762e+00	-1.727238e-03
-3.910000000000000e+00	-2.192382e+00	-1.717618e-03
-3.899999999999999e+00	-2.191998e+00	-1.708001e-03
-3.890000000000000e+00	-2.191611e+00	-1.698389e-03
-3.880000000000000e+00	-2.191219e+00	-1.688781e-03
-3.870000000000000e+00	-2.190824e+00	-1.679176e-03
-3.859999999999999e+00	-2.190423e+00	-1.669577e-03
-3.850000000000000e+00	-2.190019e+00	-1.659981e-03
-3.840000000000000e+00	-2.189610e+00	-1.650390e-03
-3.830000000000000e+00	-2.189197e+00	-1.640803e-03
-3.820000000000000e+00	-2.188780e+00	-1.631220e-03
-3.810000000000000e+00	-2.188357e+00	-1.621643e-03
-3.800000000000000e+00	-2.187930e+00	-1.612070e-03
-3.790000000000000e+00	-2.187497e+00	-1.602503e-03
-3.780000000000000e+00	-2.187060e+00	-1.592940e-03
-3.770000000000000e+00	-2.186618e+00	-1.583382e-03
-3.760000000000000e+00	-2.186170e+00	-1.573830e-03
-3.750000000000000e+00	-2.185717e+00	-1.564283e-03
-3.740000000000000e+00	-2.185258e+00	-1.554742e-03
-3.730000000000000e+00	-2.184794e+00	-1.545206e-03
-3.720000000000000e+00	-2.184324e+00	-1.535677e-03
-3.710000000000000e+00	-2.183847e+00	-1.526153e-03
-3.700000000000000e+00	-2.183365e+00	-1.516635e-03
-3.690000000000000e+00	-2.182877e+00	-1.507123e-03
-3.680000000000000e+00	-2.182381e+00	-1.497619e-03
-3.670000000000000e+00	-2.181880e+00	-1.488120e-03
-3.660000000000000e+00	-2.181371e+00	-1.478629e-03
-3.649999999999999e+00	-2.180856e+00	-1.469144e-03
-3.640000000000000e+00	-2.180333e+00	-1.459667e-03
-3.630000000000000e+00	-2.179803e+00	-1.450196e-03
-3.620000000000000e+00	-2.179266e+00	-1.440734e-03
-3.609999999999999e+00	-2.178721e+00	-1.431279e-03
-3.600000000000000e+00	-2.178167e+00	-1.421833e-03
-3.590000000000000e+00	-2.177606e+00	-1.412394e-03
-3.580000000000000e+00	-2.177036e+00	-1.402965e-03
-3.570000000000000e+00	-2.176456e+00	-1.393543e-03
-3.560000000000000e+00	-2.175869e+00	-1.384131e-03
-3.550000000000000e+00	-2.175271e+00	-1.374729e-03
-3.540000000000000e+00	-2.174664e+00	-1.365336e-03
-3.530000000000000e+00	-2.174047e+00	-1.355952e-03
-3.520000000000000e+00	-2.173420e+00	-1.346580e-03
-3.510000000000000e+00	-2.172783e+00	-1.337217e-03
-3.500000000000000e+00	-2.172134e+00	-1.327866e-03
-3.490000000000000e+00	-2.171474e+00	-1.318526e-03
-3.480000000000000e+00	-2.170802e+00	-1.309198e-03
-3.470000000000000e+00	-2.170119e+00	-1.299881e-03
-3.460000000000000e+00	-2.169422e+00	-1.290578e-03
-3.450000000000000e+00	-2.168713e+00	-1.281287e-03
-3.440000000000000e+00	-2.167990e+00	-1.272010e-03
-3.430000000000000e+00	-2.167253e+00	-1.262747e-03
-3.420000000000000e+00	-2.166501e+00	-1.253499e-03
-3.410000000000000e+00	-2.165734e+00	-1.244266e-03
-3.399999999999999e+00	-2.164952e+00	-1.235048e-03
-3.390000000000000e+00	-2.164153e+00	-1.225847e-03
-3.380000000000000e+00	-2.163337e+00	-1.216663e-03
-3.370000000000000e+00	-2.162503e+00	-1.207497e-03
-3.359999999999999e+00	-2.161651e+00	-1.198349e-03
-3.350000000000000e+00	-2.160779e+00	-1.189221e-03
-3.340000000000000e+00	-2.159887e+00	-1.180113e-03
-3.330000000000000e+00	-2.158974e+00	-1.171026e-03
-3.320000000000000e+00	-2.158039e+00	-1.161961e-03
-3.310000000000000e+00	-2.157081e+00	-1.152919e-03
-3.300000000000000e+00	-2.156098e+00	-1.143902e-03
-3.290000000000000e+00	-2.155090e+00	-1.134910e-03
-3.280000000000000e+00	-2.154055e+00	-1.125945e-03
-3.270000000000000e+00	-2.152991e+00	-1.117009e-03
-3.260000000000000e+00	-2.151898e+00	-1.108102e-03
-3.250000000000000e+00	-2.150774e+00	-1.099226e-03
-3.240000000000000e+00	-2.149616e+00	-1.090384e-03
-3.230000000000000e+00	-2.148424e+00	-1.081576e-03
-3.220000000000000e+00	-2.147194e+00	-1.072806e-03
-3.210000000000000e+00	-2.145926e+00	-1.064074e-03
-3.200000000000000e+00	-2.144615e+00	-1.055385e-03
-3.190000000000000e+00	-2.143260e+00	-1.046739e-03
-3.180000000000000e+00	-2.141859e+00	-1.038141e-03
-3.170000000000000e+00	-2.140407e+00	-1.029593e-03
-3.160000000000000e+00	-2.138901e+00	-1.021099e-03
-3.149999999999999e+00	-2.137338e+00	-1.012662e-03
-3.140000000000000e+00	-2.135713e+00	-1.004287e-03
-3.130000000000000e+00	-2.134022e+00	-9.959775e-04
-3.120000000000000e+00	-2.132261e+00	-9.877395e-04
-3.109999999999999e+00	-2.130422e+00	-9.795782e-04
-3.100000000000000e+00	-2.128500e+00	-9.714999e-04
-3.090000000000000e+00	-2.126489e+00	-9.635114e-04
-3.080000000000000e+00	-2.124380e+00	-9.556202e-04
-3.070000000000000e+00	-2.122165e+00	-9.478350e-04
-3.060000000000000e+00	-2.119835e+00	-9.401652e-04
-3.050000000000000e+00	-2.117378e+00	-9.326217e-04
-3.040000000000000e+00	-2.114784e+00	-9.252161e-04
-3.030000000000000e+00	-2.112038e+00	-9.179619e-04
-3.020000000000000e+00	-2.109126e+00	-9.108740e-04
-3.010000000000000e+00	-2.106031e+00	-9.039692e-04
-3.000000000000000e+00	-2.102734e+00	-8.972658e-04
-2.990000000000000e+00	-2.099216e+00	-8.907845e-04
-2.980000000000000e+00	-2.095452e+00	-8.845479e-04
-2.970000000000000e+00	-2.091420e+00	-8.785804e-04
-2.960000000000000e+00	-2.087092e+00	-8.729082e-04
-2.950000000000000e+00	-2.082442e+00	-8.675584e-04
-2.940000000000000e+00	-2.077441e+00	-8.625587e-04
-2.930000000000000e+00	-2.072065e+00	-8.579353e-04
-2.920000000000000e+00	-2.066288e+00	-8.537116e-04
-2.910000000000000e+00	-2.060094e+00	-8.499058e-04
-2.899999999999999e+00	-2.053471e+00	-8.465287e-04
-2.890000000000000e+00	-2.046419e+00	-8.435812e-04
-2.880000000000000e+00	-2.038947e+00	-8.410531e-04
-2.870000000000000e+00	-2.031077e+00	-8.389232e-04
-2.859999999999999e+00	-2.022840e+00	-8.371599e-04
-2.850000000000000e+00	-2.014276e+00	-8.357241e-04
-2.840000000000000e+00	-2.005427e+00	-8.345728e-04
-2.830000000000000e+00	-1.996338e+00	-8.336621e-04
-2.820000000000000e+00	-1.987050e+00	-8.329500e-04
-2.810000000000000e+00	-1.977601e+00	-8.323985e-04
-2.800000000000000e+00	-1.968025e+00	-8.319749e-04
-2.790000000000000e+00	-1.958348e+00	-8.316516e-04
-2.780000000000000e+00	-1.948594e+00	-8.314060e-04
-2.770000000000000e+00	-1.938780e+00	-8.312202e-04
-2.760000000000000e+00	-1.928920e+00	-8.310800e-04
-2.750000000000000e+00	-1.919025e+00	-8.309745e-04
-2.740000000000000e+00	-1.909105e+00	-8.308953e-04
-2.730000000000000e+00	-1.899164e+00	-8.308359e-04
-2.720000000000000e+00	-1.889209e+00	-8.307914e-04
-2.710000000000000e+00	-1.879242e+00	-8.307580e-04
-2.700000000000000e+00	-1.869267e+00	-8.307330e-04
-2.690000000000000e+00	-1.859286e+00	-8.307144e-04
-2.680000000000000e+00	-1.849300e+00	-8.307004e-04
-2.670000000000000e+00	-1.839310e+00	-8.306900e-04
-2.660000000000000e+00	-1.829318e+00	-8.306822e-04
-2.649999999999999e+00	-1.819324e+00	-8.306763e-04
-2.640000000000000e+00	-1.809328e+00	-8.306720e-04
-2.630000000000000e+00	-1.799331e+00	-8.306687e-04
-2.620000000000000e+00	-1.789334e+00	-8.306663e-04
-2.609999999999999e+00	-1.779335e+00	-8.306645e-04
-2.600000000000000e+00	-1.769337e+00	-8.306631e-04
-2.590000000000000e+00	-1.759338e+00	-8.306621e-04
-2.580000000000000e+00	-1.749339e+00	-8.306613e-04
-2.570000000000000e+00	-1.739339e+00	-8.306607e-04
-2.560000000000000e+00	-1.729340e+00	-8.306603e-04
-2.550000000000000e+00	-1.719340e+00	-8.306600e-04
-2.540000000000000e+00	-1.709340e+00	-8.306598e-04
-2.530000000000000e+00	-1.699340e+00	-8.306596e-04
-2.520000000000000e+00	-1.689340e+00	-8.306595e-04
-2.510000000000000e+00	-1.679341e+00	-8.306594e-04
-2.500000000000000e+00	-1.669341e+00	-8.306593e-04
-2.490000000000000e+00	-1.659341e+00	-8.306592e-04
-2.480000000000000e+00	-1.649341e+00	-8.306592e-04
-2.470000000000000e+00	-1.639341e+00	-8.306592e-04
-2.460000000000000e+00	-1.629341e+00	-8.306592e-04
-2.450000000000000e+00	-1.619341e+00	-8.306591e-04
-2.440000000000000e+00	-1.609341e+00	-8.306591e-04
-2.430000000000000e+00	-1.599341e+00	-8.306591e-04
-2.420000000000000e+00	-1.589341e+00	-8.306591e-04
-2.410000000000000e+00	-1.579341e+00	-8.306591e-04
-2.399999999999999e+00	-1.569341e+00	-8.306591e-04
-2.390000000000000e+00	-1.559341e+00	-8.306591e-04
-2.380000000000000e+00	-1.549341e+00	-8.306591e-04
-2.370000000000000e+00	-1.539341e+00	-8.306591e-04
-2.359999999999999e+00	-1.529341e+00	-8.306591e-04
-2.350000000000000e+00	-1.519341e+00	-8.306591e-04
-2.340000000000000e+00	-1.509341e+00	-8.306591e-04
-2.330000000000000e+00	-1.499341e+00	-8.306591e-04
-2.320000000000000e+00	-1.489341e+00	-8.306591e-04
-2.310000000000000e+00	-1.479341e+00	-8.306591e-04
-2.300000000000000e+00	-1.469341e+00	-8.306591e-04
-2.290000000000000e+00	-1.459341e+00	-8.306591e-04
-2.280000000000000e+00	-1.449341e+00	-8.306591e-04
-2.270000000000000e+00	-1.439341e+00	-8.306591e-04
-2.260000000000000e+00	-1.429341e+00	-8.306591e-04
-2.250000000000000e+00	-1.419341e+00	-8.306591e-04
-2.240000000000000e+00	-1.409341e+00	-8.306591e-04
-2.230000000000000e+00	-1.399341e+00	-8.306591e-04
-2.220000000000000e+00	-1.389341e+00	-8.306591e-04
-2.210000000000000e+00	-1.379341e+00	-8.306591e-04
-2.200000000000000e+00	-1.369341e+00	-8.306591e-04
-2.190000000000000e+00	-1.359341e+00	-8.306591e-04
-2.180000000000000e+00	-1.349341e+00	-8.306591e-04
-2.170000000000000e+00	-1.339341e+00	-8.306591e-04
-2.160000000000000e+00	-1.329341e+00	-8.306591e-04
-2.149999999999999e+00	-1.319341e+00	-8.306591e-04
-2.140000000000000e+00	-1.309341e+00	-8.306591e-04
-2.130000000000000e+00	-1.299341e+00	-8.306591e-04
-2.120000000000000e+00	-1.289341e+00	-8.306591e-04
-2.109999999999999e+00	-1.279341e+00	-8.306591e-04
-2.100000000000000e+00	-1.269341e+00	-8.306591e-04
-2.090000000000000e+00	-1.259341e+00	-8.306591e-04
-2.080000000000000e+00	-1.249341e+00	-8.306591e-04
-2.069999999999999e+00	-1.239341e+00	-8.306591e-04
-2.060000000000000e+00	-1.229341e+00	-8.306591e-04
-2.050000000000000e+00	-1.219341e+00	-8.306591e-04
-2.040000000000000e+00	-1.209341e+00	-8.306591e-04
-2.030000000000000e+00	-1.199341e+00	-8.306591e-04
-2.020000000000000e+00	-1.189341e+00	-8.306591e-04
-2.010000000000000e+00	-1.179341e+00	-8.306591e-04
-2.000000000000000e+00	-1.169341e+00	-8.306591e-04
-1.990000000000000e+00	-1.159341e+00	-8.306591e-04
-1.980000000000000e+00	-1.149341e+00	-8.306591e-04
-1.970000000000001e+00	-1.139341e+00	-8.306591e-04
-1.959999999999999e+00	-1.129341e+00	-8.306591e-04
-1.949999999999999e+00	-1.119341e+00	-8.306591e-04
-1.940000000000000e+00	-1.109341e+00	-8.306591e-04
-1.930000000000000e+00	-1.099341e+00	-8.306591e-04
-1.920000000000000e+00	-1.089341e+00	-8.306591e-04
-1.910000000000000e+00	-1.079341e+00	-8.306591e-04
-1.900000000000000e+00	-1.069341e+00	-8.306591e-04
-1.890000000000001e+00	-1.059341e+00	-8.306591e-04
-1.879999999999999e+00	-1.049341e+00	-8.306591e-04
-1.869999999999999e+00	-1.039341e+00	-8.306591e-04
-1.859999999999999e+00	-1.029341e+00	-8.306591e-04
-1.850000000000000e+00	-1.019341e+00	-8.306591e-04
-1.840000000000000e+00	-1.009341e+00	-8.306591e-04
-1.830000000000000e+00	-9.993409e-01	-8.306591e-04
-1.820000000000000e+00	-9.893409e-01	-8.306591e-04
-1.810000000000000e+00	-9.793409e-01	-8.306591e-04
-1.800000000000001e+00	-9.693409e-01	-8.306591e-04
-1.789999999999999e+00	-9.593409e-01	-8.306591e-04
-1.779999999999999e+00	-9.493409e-01	-8.306591e-04
-1.770000000000000e+00	-9.393409e-01	-8.306591e-04
-1.760000000000000e+00	-9.293409e-01	-8.306591e-04
-1.750000000000000e+00	-9.193409e-01	-8.306591e-04
-1.740000000000000e+00	-9.093409e-01	-8.306591e-04
-1.730000000000000e+00	-8.993409e-01	-8.306591e-04
-1.720000000000001e+00	-8.893409e-01	-8.306591e-04
-1.709999999999999e+00	-8.793409e-01	-8.306591e-04
-1.699999999999999e+00	-8.693409e-01	-8.306591e-04
-1.690000000000000e+00	-8.593409e-01	-8.306591e-04
-1.680000000000000e+00	-8.493409e-01	-8.306591e-04
-1.670000000000000e+00	-8.393409e-01	-8.306591e-04
-1.660000000000000e+00	-8.293409e-01	-8.306591e-04
-1.650000000000000e+00	-8.193409e-01	-8.306591e-04
-1.640000000000001e+00	-8.093409e-01	-8.306591e-04
-1.629999999999999e+00	-7.993409e-01	-8.306591e-04
-1.619999999999999e+00	-7.893409e-01	-8.306591e-04
-1.609999999999999e+00	-7.793409e-01	-8.306591e-04
-1.600000000000000e+00	-7.693409e-01	-8.306591e-04
-1.590000000000000e+00	-7.593409e-01	-8.306591e-04
-1.580000000000000e+00	-7.493410e-01	-8.306591e-04
-1.570000000000000e+00	-7.393410e-01	-8.306591e-04
-1.560000000000000e+00	-7.293409e-01	-8.306591e-04
-1.550000000000001e+00	-7.193409e-01	-8.306591e-04
-1.539999999999999e+00	-7.093409e-01	-8.306591e-04
-1.529999999999999e+00	-6.993409e-01	-8.306591e-04
-1.520000000000000e+00	-6.893409e-01	-8.306591e-04
-1.510000000000000e+00	-6.793410e-01	-8.306590e-04
-1.500000000000000e+00	-6.693410e-01	-8.306590e-04
-1.490000000000000e+00	-6.593410e-01	-8.306590e-04
-1.480000000000000e+00	-6.493410e-01	-8.306589e-04
-1.470000000000001e+00	-6.393411e-01	-8.306589e-04
-1.459999999999999e+00	-6.293411e-01	-8.306589e-04
-1.449999999999999e+00	-6.193412e-01	-8.306588e-04
-1.440000000000000e+00	-6.093413e-01	-8.306588e-04
-1.430000000000000e+00	-5.993413e-01	-8.306587e-04
-1.420000000000000e+00	-5.893415e-01	-8.306585e-04
-1.410000000000000e+00	-5.793416e-01	-8.306584e-04
-1.400000000000000e+00	-5.693418e-01	-8.306582e-04
-1.390000000000001e+00	-5.593420e-01	-8.306580e-04
-1.379999999999999e+00	-5.493423e-01	-8.306577e-04
-1.369999999999999e+00	-5.393426e-01	-8.306574e-04
-1.359999999999999e+00	-5.293431e-01	-8.306568e-04
-1.350000000000000e+00	-5.193437e-01	-8.306563e-04
-1.340000000000000e+00	-5.093445e-01	-8.306555e-04
-1.330000000000000e+00	-4.993455e-01	-8.306545e-04
-1.320000000000000e+00	-4.893468e-01	-8.306532e-04
-1.310000000000000e+00	-4.793484e-01	-8.306516e-04
-1.299999999999999e+00	-4.693504e-01	-8.306496e-04
-1.289999999999999e+00	-4.593530e-01	-8.306470e-04
-1.279999999999999e+00	-4.493563e-01	-8.306436e-04
-1.270000000000000e+00	-4.393606e-01	-8.306394e-04
-1.260000000000000e+00	-4.293660e-01	-8.306340e-04
-1.250000000000000e+00	-4.193729e-01	-8.306271e-04
-1.240000000000000e+00	-4.093817e-01	-8.306184e-04
-1.230000000000000e+00	-3.993928e-01	-8.306072e-04
-1.220000000000001e+00	-3.894071e-01	-8.305929e-04
-1.209999999999999e+00	-3.794252e-01	-8.305748e-04
-1.199999999999999e+00	-3.694484e-01	-8.305517e-04
-1.190000000000000e+00	-3.594778e-01	-8.305222e-04
-1.180000000000000e+00	-3.495153e-01	-8.304847e-04
-1.170000000000000e+00	-3.395629e-01	-8.304371e-04
-1.160000000000000e+00	-3.296236e-01	-8.303765e-04
-1.150000000000000e+00	-3.197006e-01	-8.302995e-04
-1.140000000000001e+00	-3.097984e-01	-8.302017e-04
-1.129999999999999e+00	-2.999223e-01	-8.300776e-04
-1.119999999999999e+00	-2.900794e-01	-8.299206e-04
-1.109999999999999e+00	-2.802779e-01	-8.297222e-04
-1.100000000000000e+00	-2.705282e-01	-8.294718e-04
-1.090000000000000e+00	-2.608431e-01	-8.291570e-04
-1.080000000000000e+00	-2.512378e-01	-8.287622e-04
-1.070000000000000e+00	-2.417304e-01	-8.282696e-04
-1.060000000000000e+00	-2.323424e-01	-8.276576e-04
-1.049999999999999e+00	-2.230979e-01	-8.269021e-04
-1.039999999999999e+00	-2.140241e-01	-8.259759e-04
-1.029999999999999e+00	-2.051503e-01	-8.248497e-04
-1.020000000000000e+00	-1.965071e-01	-8.234929e-04
-1.010000000000000e+00	-1.881248e-01	-8.218752e-04
-1.000000000000000e+00	-1.800321e-01	-8.199679e-04
-9.900000000000002e-01	-1.722544e-01	-8.177456e-04
-9.800000000000004e-01	-1.648120e-01	-8.151880e-04
-9.700000000000006e-01	-1.577192e-01	-8.122808e-04
-9.599999999999991e-01	-1.509838e-01	-8.090162e-04
-9.499999999999993e-01	-1.446071e-01	-8.053929e-04
-9.399999999999995e-01	-1.385844e-01	-8.014156e-04
-9.299999999999997e-01	-1.329057e-01	-7.970943e-04
-9.199999999999999e-01	-1.275575e-01	-7.924425e-04
-9.100000000000001e-01	-1.225231e-01	-7.874769e-04
-9.000000000000004e-01	-1.177844e-01	-7.822156e-04
-8.900000000000006e-01	-1.133224e-01	-7.766776e-04
-8.799999999999990e-01	-1.091180e-01	-7.708820e-04
-8.699999999999992e-01	-1.051525e-01	-7.648475e-04
-8.599999999999994e-01	-1.014079e-01	-7.585921e-04
-8.499999999999996e-01	-9.786735e-02	-7.521327e-04
-8.399999999999999e-01	-9.451504e-02	-7.454850e-04
-8.300000000000001e-01	-9.133635e-02	-7.386637e-04
-8.200000000000003e-01	-8.831780e-02	-7.316822e-04
-8.100000000000005e-01	-8.544706e-02	-7.245530e-04
-7.999999999999989e-01	-8.271285e-02	-7.172871e-04
-7.899999999999991e-01	-8.010490e-02	-7.098951e-04
-7.799999999999994e-01	-7.761384e-02	-7.023861e-04
-7.699999999999996e-01	-7.523115e-02	-6.947689e-04
-7.599999999999998e-01	-7.294907e-02	-6.870509e-04
-7.500000000000000e-01	-7.076054e-02	-6.792395e-04
-7.400000000000002e-01	-6.865913e-02	-6.713409e-04
-7.300000000000004e-01	-6.663895e-02	-6.633610e-04
-7.200000000000006e-01	-6.469465e-02	-6.553053e-04
-7.099999999999991e-01	-6.282134e-02	-6.471787e-04
-6.999999999999993e-01	-6.101451e-02	-6.389855e-04
-6.899999999999995e-01	-5.927008e-02	-6.307299e-04
-6.799999999999997e-01	-5.758425e-02	-6.224157e-04
-6.699999999999999e-01	-5.595357e-02	-6.140464e-04
-6.600000000000001e-01	-5.437484e-02	-6.056252e-04
-6.500000000000004e-01	-5.284511e-02	-5.971549e-04
-6.400000000000006e-01	-5.136168e-02	-5.886383e-04
-6.299999999999990e-01	-4.992202e-02	-5.800780e-04
-6.199999999999992e-01	-4.852381e-02	-5.714762e-04
-6.099999999999994e-01	-4.716490e-02	-5.628351e-04
-5.999999999999996e-01	-4.584328e-02	-5.541567e-04
-5.899999999999999e-01	-4.455708e-02	-5.454429e-04
-5.800000000000001e-01	-4.330458e-02	-5.366954e-04
-5.700000000000003e-01	-4.208416e-02	-5.279158e-04
-5.600000000000005e-01	-4.089430e-02	-5.191057e-04
-5.499999999999989e-01	-3.973361e-02	-5.102664e-04
-5.399999999999991e-01	-3.860076e-02	-5.013992e-04
-5.299999999999994e-01	-3.749451e-02	-4.925055e-04
-5.199999999999996e-01	-3.641371e-02	-4.835863e-04
-5.099999999999998e-01	-3.535726e-02	-4.746427e-04
-5.000000000000000e-01	-3.432415e-02	-4.656758e-04
-4.900000000000002e-01	-3.331342e-02	-4.566866e-04
-4.800000000000004e-01	-3.232415e-02	-4.476758e-04
-4.700000000000006e-01	-3.135549e-02	-4.386445e-04
-4.599999999999991e-01	-3.040664e-02	-4.295934e-04
-4.499999999999993e-01	-2.947683e-02	-4.205232e-04
-4.399999999999995e-01	-2.856534e-02	-4.114347e-04
-4.299999999999997e-01	-2.767150e-02	-4.023285e-04
-4.199999999999999e-01	-2.679465e-02	-3.932054e-04
-4.100000000000001e-01	-2.593418e-02	-3.840658e-04
-4.000000000000004e-01	-2.508952e-02	-3.749105e-04
-3.900000000000006e-01	-2.426011e-02	-3.657399e-04
-3.799999999999990e-01	-2.344543e-02	-3.565546e-04
-3.699999999999992e-01	-2.264498e-02	-3.473550e-04
-3.599999999999994e-01	-2.185829e-02	-3.381417e-04
-3.499999999999996e-01	-2.108490e-02	-3.289151e-04
-3.399999999999999e-01	-2.032439e-02	-3.196756e-04
-3.300000000000001e-01	-1.957634e-02	-3.104237e-04
-3.200000000000003e-01	-1.884036e-02	-3.011596e-04
-3.100000000000005e-01	-1.811608e-02	-2.918839e-04
-2.999999999999989e-01	-1.740315e-02	-2.825969e-04
-2.899999999999991e-01	-1.670121e-02	-2.732988e-04
-2.799999999999994e-01	-1.600995e-02	-2.639900e-04
-2.699999999999996e-01	-1.532905e-02	-2.546709e-04
-2.599999999999998e-01	-1.465821e-02	-2.453418e-04
-2.500000000000000e-01	-1.399714e-02	-2.360029e-04
-2.400000000000002e-01	-1.334558e-02	-2.266544e-04
-2.300000000000004e-01	-1.270325e-02	-2.172968e-04
-2.200000000000006e-01	-1.206990e-02	-2.079301e-04
-2.099999999999991e-01	-1.144528e-02	-1.985547e-04
-1.999999999999993e-01	-1.082918e-02	-1.891708e-04
-1.899999999999995e-01	-1.022135e-02	-1.797787e-04
-1.799999999999997e-01	-9.621580e-03	-1.703784e-04
-1.699999999999999e-01	-9.029669e-03	-1.609703e-04
-1.600000000000001e-01	-8.445412e-03	-1.515546e-04
-1.500000000000004e-01	-7.868618e-03	-1.421314e-04
-1.400000000000006e-01	-7.299099e-03	-1.327009e-04
-1.299999999999990e-01	-6.736677e-03	-1.232633e-04
-1.199999999999992e-01	-6.181180e-03	-1.138188e-04
-1.099999999999994e-01	-5.632440e-03	-1.043676e-04
-9.999999999999964e-02	-5.090297e-03	-9.490970e-05
-8.999999999999986e-02	-4.554596e-03	-8.544540e-05
-8.000000000000007e-02	-4.025186e-03	-7.597481e-05
-7.000000000000028e-02	-3.501923e-03	-6.649808e-05
-6.000000000000050e-02	-2.984668e-03	-5.701533e-05
-4.999999999999893e-02	-2.473283e-03	-4.752672e-05
-3.999999999999915e-02	-1.967640e-03	-3.803236e-05
-2.999999999999936e-02	-1.467610e-03	-2.853239e-05
-1.999999999999957e-02	-9.730724e-04	-1.902693e-05
-9.999999999999787e-03	-4.839071e-04	-9.516093e-06
0.000000000000000e+00	0.000000e+00	0.000000e+00
9.999999999999787e-03	4.787613e-04	9.521239e-06
1.999999999999957e-02	9.524836e-04	1.904752e-05
2.999999999999936e-02	1.421272e-03	2.857873e-05
4.000000000000092e-02	1.885228e-03	3.811477e-05
5.000000000000071e-02	2.344450e-03	4.765555e-05
6.000000000000050e-02	2.799033e-03	5.720097e-05
7.000000000000028e-02	3.249070e-03	6.675093e-05
8.000000000000007e-02	3.694651e-03	7.630535e-05
8.999999999999986e-02	4.135863e-03	8.586414e-05
9.999999999999964e-02	4.572792e-03	9.542721e-05
1.099999999999994e-01	5.005518e-03	1.049945e-04
1.200000000000010e-01	5.434124e-03	1.145659e-04
1.300000000000008e-01	5.858686e-03	1.241413e-04
1.400000000000006e-01	6.279281e-03	1.337207e-04
1.500000000000004e-01	6.695981e-03	1.433040e-04
1.600000000000001e-01	7.108859e-03	1.528911e-04
1.699999999999999e-01	7.517984e-03	1.624820e-04
1.799999999999997e-01	7.923424e-03	1.720766e-04
1.899999999999995e-01	8.325246e-03	1.816748e-04
2.000000000000011e-01	8.723513e-03	1.912765e-04
2.100000000000009e-01	9.118288e-03	2.008817e-04
2.200000000000006e-01	9.509632e-03	2.104904e-04
2.300000000000004e-01	9.897606e-03	2.201024e-04
2.400000000000002e-01	1.028226e-02	2.297177e-04
2.500000000000000e-01	1.066367e-02	2.393363e-04
2.599999999999998e-01	1.104187e-02	2.489581e-04
2.699999999999996e-01	1.141692e-02	2.585831e-04
2.799999999999994e-01	1.178888e-02	2.682111e-04
2.900000000000009e-01	1.215779e-02	2.778422e-04
3.000000000000007e-01	1.252371e-02	2.874763e-04
3.100000000000005e-01	1.288668e-02	2.971133e-04
3.200000000000003e-01	1.324675e-02	3.067532e-04
3.300000000000001e-01	1.360397e-02	3.163960e-04
3.399999999999999e-01	1.395838e-02	3.260416e-04
3.499999999999996e-01	1.431003e-02	3.356900e-04
3.599999999999994e-01	1.465896e-02	3.453410e-04
3.700000000000010e-01	1.500522e-02	3.549948e-04
3.800000000000008e-01	1.534883e-02	3.646512e-04
3.900000000000006e-01	1.568985e-02	3.743102e-04
4.000000000000004e-01	1.602832e-02	3.839717e-04
4.100000000000001e-01	1.636427e-02	3.936357e-04
4.199999999999999e-01	1.669773e-02	4.033023e-04
4.299999999999997e-01	1.702875e-02	4.129712e-04
4.399999999999995e-01	1.735737e-02	4.226426e-04
4.500000000000011e-01	1.768362e-02	4.323164e-04
4.600000000000009e-01	1.800752e-02	4.419925e-04
4.700000000000006e-01	1.832912e-02	4.516709e-04
4.800000000000004e-01	1.864846e-02	4.613515e-04
4.900000000000002e-01	1.896555e-02	4.710344e-04
5.000000000000000e-01	1.928044e-02	4.807196e-04
5.099999999999998e-01	1.959315e-02	4.904069e-04
5.199999999999996e-01	1.990371e-02	5.000963e-04
5.299999999999994e-01	2.021216e-02	5.097878e-04
5.400000000000009e-01	2.051852e-02	5.194815e-04
5.500000000000007e-01	2.082283e-02	5.291772e-04
5.600000000000005e-01	2.112510e-02	5.388749e-04
5.700000000000003e-01	2.142538e-02	5.485746e-04
5.800000000000001e-01	2.172367e-02	5.582763e-04
5.899999999999999e-01	2.202002e-02	5.679800e-04
5.999999999999996e-01	2.231444e-02	5.776855e-04
6.099999999999994e-01	2.260697e-02	5.873930e-04
6.200000000000010e-01	2.289762e-02	5.971024e-04
6.300000000000008e-01	2.318642e-02	6.068136e-04
6.400000000000006e-01	2.347340e-02	6.165266e-04
6.500000000000004e-01	2.375857e-02	6.262414e-04
6.600000000000001e-01	2.404197e-02	6.359580e-04
6.699999999999999e-01	2.432361e-02	6.456764e-04
6.799999999999997e-01	2.460351e-02	6.553965e-04
6.899999999999995e-01	2.488171e-02	6.651183e-04
7.000000000000011e-01	2.515821e-02	6.748418e-04
7.100000000000009e-01	2.543304e-02	6.845670e-04
7.200000000000006e-01	2.570622e-02	6.942938e-04
7.300000000000004e-01	2.597777e-02	7.040222e-04
7.400000000000002e-01	2.624771e-02	7.137523e-04
7.500000000000000e-01	2.651606e-02	7.234839e-04
7.599999999999998e-01	2.678284e-02	7.332172e-04
7.699999999999996e-01	2.704807e-02	7.429519e-04
7.799999999999994e-01	2.731176e-02	7.526883e-04
7.900000000000009e-01	2.757393e-02	7.624261e-04
8.000000000000007e-01	2.783461e-02	7.721654e-04
8.100000000000005e-01	2.809381e-02	7.819062e-04
8.200000000000003e-01	2.835154e-02	7.916485e-04
8.300000000000001e-01	2.860783e-02	8.013922e-04
8.399999999999999e-01	2.886268e-02	8.111373e-04
8.499999999999996e-01	2.911613e-02	8.208839e-04
8.599999999999994e-01	2.936817e-02	8.306318e-04
8.700000000000010e-01	2.961883e-02	8.403812e-04
8.800000000000008e-01	2.986813e-02	8.501319e-04
8.900000000000006e-01	3.011607e-02	8.598839e-04
9.000000000000004e-01	3.036268e-02	8.696373e-04
9.100000000000001e-01	3.060796e-02	8.793920e-04
9.199999999999999e-01	3.085194e-02	8.891480e-04
9.299999999999997e-01	3.109463e-02	8.989054e-04
9.399999999999995e-01	3.133604e-02	9.086640e-04
9.500000000000011e-01	3.157618e-02	9.184238e-04
9.600000000000009e-01	3.181507e-02	9.281849e-04
9.700000000000006e-01	3.205272e-02	9.379473e-04
9.800000000000004e-01	3.228915e-02	9.477108e-04
9.900000000000002e-01	3.252437e-02	9.574756e-04
1.000000000000000e+00	3.275838e-02	9.672416e-04
1.010000000000000e+00	3.299121e-02	9.770088e-04
1.020000000000000e+00	3.322287e-02	9.867771e-04
1.029999999999999e+00	3.345336e-02	9.965466e-04
1.040000000000001e+00	3.368270e-02	1.006317e-03
1.050000000000001e+00	3.391091e-02	1.016089e-03
1.060000000000000e+00	3.413799e-02	1.025862e-03
1.070000000000000e+00	3.436395e-02	1.035636e-03
1.080000000000000e+00	3.458881e-02	1.045411e-03
1.090000000000000e+00	3.481258e-02	1.055187e-03
1.100000000000000e+00	3.503526e-02	1.064965e-03
1.109999999999999e+00	3.525688e-02	1.074743e-03
1.120000000000001e+00	3.547743e-02	1.084523e-03
1.130000000000001e+00	3.569693e-02	1.094303e-03
1.140000000000001e+00	3.591540e-02	1.104085e-03
1.150000000000000e+00	3.613283e-02	1.113867e-03
1.160000000000000e+00	3.634924e-02	1.123651e-03
1.170000000000000e+00	3.656465e-02	1.133435e-03
1.180000000000000e+00	3.677906e-02	1.143221e-03
1.190000000000000e+00	3.699247e-02	1.153007e-03
1.200000000000001e+00	3.720490e-02	1.162795e-03
1.210000000000001e+00	3.741636e-02	1.172584e-03
1.220000000000001e+00	3.762687e-02	1.182373e-03
1.230000000000000e+00	3.783641e-02	1.192164e-03
1.240000000000000e+00	3.804502e-02	1.201955e-03
1.250000000000000e+00	3.825268e-02	1.211747e-03
1.260000000000000e+00	3.845942e-02	1.221541e-03
1.270000000000000e+00	3.866524e-02	1.231335e-03
1.279999999999999e+00	3.887015e-02	1.241130e-03
1.290000000000001e+00	3.907416e-02	1.250926e-03
1.300000000000001e+00	3.927728e-02	1.260723e-03
1.310000000000000e+00	3.947951e-02	1.270521e-03
1.320000000000000e+00	3.968086e-02	1.280319e-03
1.330000000000000e+00	3.988134e-02	1.290119e-03
1.340000000000000e+00	4.008097e-02	1.299919e-03
1.350000000000000e+00	4.027974e-02	1.309720e-03
1.359999999999999e+00	4.047766e-02	1.319522e-03
1.370000000000001e+00	4.067474e-02	1.329325e-03
1.380000000000001e+00	4.087100e-02	1.339129e-03
1.390000000000001e+00	4.106642e-02	1.348934e-03
1.400000000000000e+00	4.126104e-02	1.358739e-03
1.410000000000000e+00	4.145484e-02	1.368545e-03
1.420000000000000e+00	4.164784e-02	1.378352e-03
1.430000000000000e+00	4.184004e-02	1.388160e-03
1.440000000000000e+00	4.203145e-02	1.397969e-03
1.450000000000001e+00	4.222208e-02	1.407778e-03
1.460000000000001e+00	4.241194e-02	1.417588e-03
1.470000000000001e+00	4.260103e-02	1.427399e-03
1.480000000000000e+00	4.278935e-02	1.437211e-03
1.490000000000000e+00	4.297692e-02	1.447023e-03
1.500000000000000e+00	4.316374e-02	1.456836e-03
1.510000000000000e+00	4.334981e-02	1.466650e-03
1.520000000000000e+00	4.353514e-02	1.476465e-03
1.529999999999999e+00	4.371975e-02	1.486280e-03
1.540000000000001e+00	4.390363e-02	1.496096e-03
1.550000000000001e+00	4.408679e-02	1.505913e-03
1.560000000000000e+00	4.426924e-02	1.515731e-03
1.570000000000000e+00	4.445098e-02	1.525549e-03
1.580000000000000e+00	4.463201e-02	1.535368e-03
1.590000000000000e+00	4.481236e-02	1.545188e-03
1.600000000000000e+00	4.499200e-02	1.555008e-03
1.609999999999999e+00	4.517097e-02	1.564829e-03
1.620000000000001e+00	4.534926e-02	1.574651e-03
1.630000000000001e+00	4.552687e-02	1.584473e-03
1.640000000000001e+00	4.570381e-02	1.594296e-03
1.650000000000000e+00	4.588009e-02	1.604120e-03
1.660000000000000e+00	4.605570e-02	1.613944e-03
1.670000000000000e+00	4.623067e-02	1.623769e-03
1.680000000000000e+00	4.640499e-02	1.633595e-03
1.690000000000000e+00	4.657866e-02	1.643421e-03
1.700000000000001e+00	4.675170e-02	1.653248e-03
1.710000000000001e+00	4.692410e-02	1.663076e-03
1.720000000000001e+00	4.709588e-02	1.672904e-03
1.730000000000000e+00	4.726703e-02	1.682733e-03
1.740000000000000e+00	4.743756e-02	1.692562e-03
1.750000000000000e+00	4.760748e-02	1.702392e-03
1.760000000000000e+00	4.777679e-02	1.712223e-03
1.770000000000000e+00	4.794549e-02	1.722055e-03
1.779999999999999e+00	4.811360e-02	1.731886e-03
1.790000000000001e+00	4.828110e-02	1.741719e-03
1.800000000000001e+00	4.844802e-02	1.751552e-03
1.810000000000000e+00	4.861435e-02	1.761386e-03
1.820000000000000e+00	4.878009e-02	1.771220e-03
1.830000000000000e+00	4.894526e-02	1.781055e-03
1.840000000000000e+00	4.910985e-02	1.790890e-03
1.850000000000000e+00	4.927387e-02	1.800726e-03
1.859999999999999e+00	4.943733e-02	1.810563e-03
1.870000000000001e+00	4.960022e-02	1.820400e-03
1.880000000000001e+00	4.976256e-02	1.830237e-03
1.890000000000001e+00	4.992435e-02	1.840076e-03
1.900000000000000e+00	5.008558e-02	1.849914e-03
1.910000000000000e+00	5.024627e-02	1.859754e-03
1.920000000000000e+00	5.040642e-02	1.869594e-03
1.930000000000000e+00	5.056603e-02	1.879434e-03
1.940000000000000e+00	5.072510e-02	1.889275e-03
1.950000000000001e+00	5.088364e-02	1.899116e-03
1.960000000000001e+00	5.104166e-02	1.908958e-03
1.970000000000001e+00	5.119915e-02	1.918801e-03
1.980000000000000e+00	5.135613e-02	1.928644e-03
1.990000000000000e+00	5.151259e-02	1.938487e-03
2.000000000000000e+00	5.166854e-02	1.948331e-03
2.010000000000000e+00	5.182397e-02	1.958176e-03
2.020000000000000e+00	5.197890e-02	1.968021e-03
2.030000000000001e+00	5.213334e-02	1.977867e-03
2.040000000000001e+00	5.228727e-02	1.987713e-03
2.050000000000001e+00	5.244071e-02	1.997559e-03
2.060000000000000e+00	5.259366e-02	2.007406e-03
2.070000000000000e+00	5.274611e-02	2.017254e-03
2.080000000000000e+00	5.289809e-02	2.027102e-03
2.090000000000000e+00	5.304958e-02	2.036950e-03
2.100000000000000e+00	5.320060e-02	2.046800e-03
2.109999999999999e+00	5.335113e-02	2.056649e-03
2.120000000000001e+00	5.350120e-02	2.066499e-03
2.130000000000001e+00	5.365080e-02	2.076349e-03
2.140000000000001e+00	5.379993e-02	2.086200e-03
2.150000000000000e+00	5.394860e-02	2.096051e-03
2.160000000000000e+00	5.409681e-02	2.105903e-03
2.170000000000000e+00	5.424457e-02	2.115755e-03
2.180000000000000e+00	5.439187e-02	2.125608e-03
2.190000000000000e+00	5.453872e-02	2.135461e-03
2.200000000000001e+00	5.468512e-02	2.145315e-03
2.210000000000001e+00	5.483108e-02	2.155169e-03
2.220000000000001e+00	5.497659e-02	2.165023e-03
2.230000000000000e+00	5.512167e-02	2.174878e-03
2.240000000000000e+00	5.526631e-02	2.184734e-03
2.250000000000000e+00	5.541052e-02	2.194589e-03
2.260000000000000e+00	5.555429e-02	2.204446e-03
2.270000000000000e+00	5.569764e-02	2.214302e-03
2.280000000000001e+00	5.584056e-02	2.224159e-03
2.290000000000001e+00	5.598306e-02	2.234017e-03
2.300000000000001e+00	5.612514e-02	2.243875e-03
2.310000000000000e+00	5.626681e-02	2.253733e-03
2.320000000000000e+00	5.640806e-02	2.263592e-03
2.330000000000000e+00	5.654889e-02	2.273451e-03
2.340000000000000e+00	5.668932e-02	2.283311e-03
2.350000000000000e+00	5.682934e-02	2.293171e-03
2.359999999999999e+00	5.696895e-02	2.303031e-03
2.370000000000001e+00	5.710816e-02	2.312892e-03
2.380000000000001e+00	5.724698e-02	2.322753e-03
2.390000000000001e+00	5.738540e-02	2.332615e-03
2.400000000000000e+00	5.752342e-02	2.342477e-03
2.410000000000000e+00	5.766105e-02	2.352339e-03
2.420000000000000e+00	5.779829e-02	2.362202e-03
2.430000000000000e+00	5.793514e-02	2.372065e-03
2.440000000000000e+00	5.807161e-02	2.381928e-03
2.450000000000001e+00	5.820769e-02	2.391792e-03
2.460000000000001e+00	5.834340e-02	2.401657e-03
2.470000000000001e+00	5.847872e-02	2.411521e-03
2.480000000000000e+00	5.861367e-02	2.421386e-03
2.490000000000000e+00	5.874825e-02	2.431252e-03
2.500000000000000e+00	5.888245e-02	2.441118e-03
2.510000000000000e+00	5.901628e-02	2.450984e-03
2.520000000000000e+00	5.914975e-02	2.460850e-03
2.530000000000001e+00	5.928285e-02	2.470717e-03
2.540000000000001e+00	5.941559e-02	2.480584e-03
2.550000000000001e+00	5.954797e-02	2.490452e-03
2.560000000000000e+00	5.967999e-02	2.500320e-03
2.570000000000000e+00	5.981166e-02	2.510188e-03
2.580000000000000e+00	5.994297e-02	2.520057e-03
2.590000000000000e+00	6.007392e-02	2.529926e-03
2.600000000000000e+00	6.020453e-02	2.539795e-03
2.609999999999999e+00	6.033479e-02	2.549665e-03
2.620000000000001e+00	6.046470e-02	2.559535e-03
2.630000000000001e+00	6.059426e-02	2.569406e-03
2.640000000000001e+00	6.072349e-02	2.579276e-03
2.650000000000000e+00	6.085237e-02	2.589148e-03
2.660000000000000e+00	6.098092e-02	2.599019e-03
2.670000000000000e+00	6.110913e-02	2.608891e-03
2.680000000000000e+00	6.123700e-02	2.618763e-03
2.690000000000000e+00	6.136454e-02	2.628635e-03
2.700000000000001e+00	6.149175e-02	2.638508e-03
2.710000000000001e+00	6.161863e-02	2.648381e-03
2.720000000000001e+00	6.174519e-02	2.658255e-03
2.730000000000000e+00	6.187141e-02	2.668129e-03
2.740000000000000e+00	6.199732e-02	2.678003e-03
2.750000000000000e+00	6.212290e-02	2.687877e-03
2.760000000000000e+00	6.224816e-02	2.697752e-03
2.770000000000000e+00	6.237311e-02	2.707627e-03
2.780000000000001e+00	6.249773e-02	2.717502e-03
2.790000000000001e+00	6.262204e-02	2.727378e-03
2.800000000000001e+00	6.274604e-02	2.737254e-03
2.810000000000000e+00	6.286973e-02	2.747130e-03
2.820000000000000e+00	6.299310e-02	2.757007e-03
2.830000000000000e+00	6.311617e-02	2.766884e-03
2.840000000000000e+00	6.323893e-02	2.776761e-03
2.850000000000000e+00	6.336139e-02	2.786639e-03
2.859999999999999e+00	6.348354e-02	2.796517e-03
2.870000000000001e+00	6.360540e-02	2.806395e-03
2.880000000000001e+00	6.372695e-02	2.816273e-03
2.890000000000001e+00	6.384820e-02	2.826152e-03
2.900000000000000e+00	6.396916e-02	2.836031e-03
2.910000000000000e+00	6.408982e-02	2.845910e-03
2.920000000000000e+00	6.421019e-02	2.855790e-03
2.930000000000000e+00	6.433026e-02	2.865670e-03
2.940000000000000e+00	6.445005e-02	2.875550e-03
2.950000000000001e+00	6.456955e-02	2.885430e-03
2.960000000000001e+00	6.468876e-02	2.895311e-03
2.970000000000001e+00	6.480768e-02	2.905192e-03
2.980000000000000e+00	6.492632e-02	2.915074e-03
2.990000000000000e+00	6.504467e-02	2.924955e-03
3.000000000000000e+00	6.516274e-02	2.934837e-03
3.010000000000000e+00	6.528053e-02	2.944720e-03
3.020000000000000e+00	6.539805e-02	2.954602e-03
3.030000000000001e+00	6.551529e-02	2.964485e-03
3.040000000000001e+00	6.563225e-02	2.974368e-03
3.050000000000001e+00	6.574893e-02	2.984251e-03
3.060000000000000e+00	6.586535e-02	2.994135e-03
3.070000000000000e+00	6.598148e-02	3.004018e-03
3.080000000000000e+00	6.609736e-02	3.013903e-03
3.090000000000000e+00	6.621296e-02	3.023787e-03
3.100000000000000e+00	6.632829e-02	3.033672e-03
3.109999999999999e+00	6.644336e-02	3.043557e-03
3.120000000000001e+00	6.655817e-02	3.053442e-03
3.130000000000001e+00	6.667271e-02	3.063327e-03
3.140000000000001e+00	6.678698e-02	3.073213e-03
3.150000000000000e+00	6.690100e-02	3.083099e-03
3.160000000000000e+00	6.701475e-02	3.092985e-03
3.170000000000000e+00	6.712825e-02	3.102872e-03
3.180000000000000e+00	6.724149e-02	3.112759e-03
3.190000000000000e+00	6.735448e-02	3.122645e-03
3.200000000000001e+00	6.746721e-02	3.132533e-03
3.210000000000001e+00	6.757969e-02	3.142420e-03
3.220000000000001e+00	6.769191e-02	3.152308e-03
3.230000000000000e+00	6.780388e-02	3.162196e-03
3.240000000000000e+00	6.791561e-02	3.172084e-03
3.250000000000000e+00	6.802709e-02	3.181973e-03
3.260000000000000e+00	6.813831e-02	3.191862e-03
3.270000000000000e+00	6.824929e-02	3.201751e-03
3.280000000000001e+00	6.836003e-02	3.211640e-03
3.290000000000001e+00	6.847052e-02	3.221530e-03
3.300000000000001e+00	6.858078e-02	3.231419e-03
3.310000000000000e+00	6.869078e-02	3.241309e-03
3.320000000000000e+00	6.880055e-02	3.251199e-03
3.330000000000000e+00	6.891008e-02	3.261090e-03
3.340000000000000e+00	6.901938e-02	3.270981e-03
3.350000000000000e+00	6.912844e-02	3.280872e-03
3.359999999999999e+00	6.923725e-02	3.290763e-03
3.370000000000001e+00	6.934584e-02	3.300654e-03
3.380000000000001e+00	6.945419e-02	3.310546e-03
3.390000000000001e+00	6.956232e-02	3.320438e-03
3.400000000000000e+00	6.967020e-02	3.330330e-03
3.410000000000000e+00	6.977786e-02	3.340222e-03
3.420000000000000e+00	6.988529e-02	3.350115e-03
3.430000000000000e+00	6.999249e-02	3.360007e-03
3.440000000000000e+00	7.009947e-02	3.369901e-03
3.450000000000001e+00	7.020622e-02	3.379794e-03
3.460000000000001e+00	7.031274e-02	3.389687e-03
3.470000000000001e+00	7.041904e-02	3.399581e-03
3.480000000000000e+00	7.052512e-02	3.409475e-03
3.490000000000000e+00	7.063097e-02	3.419369e-03
3.500000000000000e+00	7.073660e-02	3.429263e-03
3.510000000000000e+00	7.084202e-02	3.439158e-03
3.520000000000000e+00	7.094721e-02	3.449053e-03
3.530000000000001e+00	7.105219e-02	3.458948e-03
3.540000000000001e+00	7.115695e-02	3.468843e-03
3.550000000000001e+00	7.126150e-02	3.478738e-03
3.560000000000000e+00	7.136583e-02	3.488634e-03
3.570000000000000e+00	7.146995e-02	3.498530e-03
3.580000000000000e+00	7.157385e-02	3.508426e-03
3.590000000000000e+00	7.167754e-02	3.518322e-03
3.600000000000000e+00	7.178102e-02	3.528219e-03
3.609999999999999e+00	7.188429e-02	3.538116e-03
3.620000000000001e+00	7.198735e-02	3.548013e-03
3.630000000000001e+00	7.209021e-02	3.557910e-03
3.640000000000001e+00	7.219286e-02	3.567807e-03
3.650000000000000e+00	7.229529e-02	3.577705e-03
3.660000000000000e+00	7.239753e-02	3.587602e-03
3.670000000000000e+00	7.249956e-02	3.597501e-03
3.680000000000000e+00	7.260139e-02	3.607399e-03
3.690000000000000e+00	7.270300e-02	3.617297e-03
3.700000000000001e+00	7.280443e-02	3.627195e-03
3.710000000000001e+00	7.290565e-02	3.637094e-03
3.720000000000001e+00	7.300667e-02	3.646993e-03
3.730000000000000e+00	7.310749e-02	3.656893e-03
3.740000000000000e+00	7.320812e-02	3.666792e-03
3.750000000000000e+00	7.330854e-02	3.676692e-03
3.760000000000000e+00	7.340877e-02	3.686591e-03
3.770000000000000e+00	7.350880e-02	3.696491e-03
3.780000000000001e+00	7.360864e-02	3.706391e-03
3.790000000000001e+00	7.370829e-02	3.716292e-03
3.800000000000001e+00	7.380774e-02	3.726192e-03
3.810000000000000e+00	7.390700e-02	3.736093e-03
3.820000000000000e+00	7.400606e-02	3.745994e-03
3.830000000000000e+00	7.410493e-02	3.755895e-03
3.840000000000000e+00	7.420363e-02	3.765796e-03
3.850000000000000e+00	7.430212e-02	3.775698e-03
3.859999999999999e+00	7.440043e-02	3.785599e-03
3.870000000000001e+00	7.449855e-02	3.795502e-03
3.880000000000001e+00	7.459649e-02	3.805404e-03
3.890000000000001e+00	7.469423e-02	3.815306e-03
3.900000000000000e+00	7.479180e-02	3.825208e-03
3.910000000000000e+00	7.488918e-02	3.835111e-03
3.920000000000000e+00	7.498637e-02	3.845014e-03
3.930000000000000e+00	7.508338e-02	3.854917e-03
3.940000000000000e+00	7.518021e-02	3.864820e-03
3.950000000000001e+00	7.527686e-02	3.874723e-03
3.960000000000001e+00	7.537333e-02	3.884627e-03
3.970000000000001e+00	7.546962e-02	3.894530e-03
3.980000000000000e+00	7.556573e-02	3.904434e-03
3.990000000000000e+00	7.566166e-02	3.914339e-03
4.000000000000000e+00	7.575741e-02	3.924243e-03
4.010000000000000e+00	7.585298e-02	3.934147e-03
4.020000000000000e+00	7.594839e-02	3.944051e-03
4.030000000000001e+00	7.604361e-02	3.953957e-03
4.040000000000001e+00	7.613866e-02	3.963861e-03
4.050000000000001e+00	7.623354e-02	3.973767e-03
4.060000000000000e+00	7.632824e-02	3.983672e-03
4.070000000000000e+00	7.642277e-02	3.993577e-03
4.080000000000000e+00	7.651713e-02	4.003483e-03
4.090000000000000e+00	7.661131e-02	4.013389e-03
4.100000000000000e+00	7.670533e-02	4.023295e-03
4.109999999999999e+00	7.679918e-02	4.033201e-03
4.120000000000001e+00	7.689285e-02	4.043107e-03
4.130000000000001e+00	7.698636e-02	4.053014e-03
4.140000000000001e+00	7.707970e-02	4.062920e-03
4.150000000000000e+00	7.717288e-02	4.072827e-03
4.160000000000000e+00	7.726588e-02	4.082734e-03
4.170000000000000e+00	7.735872e-02	4.092641e-03
4.180000000000000e+00	7.745139e-02	4.102549e-03
4.190000000000000e+00	7.754391e-02	4.112456e-03
4.200000000000001e+00	7.763626e-02	4.122364e-03
4.210000000000001e+00	7.772844e-02	4.132272e-03
4.220000000000001e+00	7.782046e-02	4.142180e-03
4.230000000000000e+00	7.791232e-02	4.152087e-03
4.240000000000000e+00	7.800402e-02	4.161996e-03
4.250000000000000e+00	7.809556e-02	4.171905e-03
4.260000000000000e+00	7.818694e-02	4.181813e-03
4.270000000000000e+00	7.827815e-02	4.191722e-03
4.280000000000001e+00	7.836921e-02	4.201631e-03
4.290000000000001e+00	7.846011e-02	4.211540e-03
4.300000000000001e+00	7.855085e-02	4.221449e-03
4.310000000000000e+00	7.864144e-02	4.231358e-03
4.320000000000000e+00	7.873187e-02	4.241268e-03
4.330000000000000e+00	7.882214e-02	4.251178e-03
4.340000000000000e+00	7.891227e-02	4.261088e-03
4.350000000000000e+00	7.900223e-02	4.270998e-03
4.359999999999999e+00	7.909204e-02	4.280908e-03
4.370000000000001e+00	7.918170e-02	4.290818e-03
4.380000000000001e+00	7.927120e-02	4.300729e-03
4.390000000000001e+00	7.936056e-02	4.310640e-03
4.400000000000000e+00	7.944976e-02	4.320550e-03
4.410000000000000e+00	7.953881e-02	4.330461e-03
4.420000000000000e+00	7.962771e-02	4.340373e-03
4.430000000000000e+00	7.971646e-02	4.350284e-03
4.440000000000000e+00	7.980505e-02	4.360195e-03
4.450000000000001e+00	7.989351e-02	4.370106e-03
4.460000000000001e+00	7.998181e-02	4.380018e-03
4.470000000000001e+00	8.006997e-02	4.389930e-03
4.480000000000000e+00	8.015797e-02	4.399842e-03
4.490000000000000e+00	8.024584e-02	4.409754e-03
4.500000000000000e+00	8.033355e-02	4.419666e-03
4.510000000000000e+00	8.042112e-02	4.429579e-03
4.520000000000000e+00	8.050855e-02	4.439491e-03
4.530000000000001e+00	8.059583e-02	4.449404e-03
4.540000000000001e+00	8.068296e-02	4.459317e-03
4.550000000000001e+00	8.076996e-02	4.469230e-03
4.560000000000000e+00	8.085681e-02	4.479143e-03
4.570000000000000e+00	8.094352e-02	4.489056e-03
4.580000000000000e+00	8.103009e-02	4.498970e-03
4.590000000000000e+00	8.111651e-02	4.508884e-03
4.600000000000000e+00	8.120280e-02	4.518797e-03
4.609999999999999e+00	8.128894e-02	4.528711e-03
4.620000000000001e+00	8.137495e-02	4.538625e-03
4.630000000000001e+00	8.146081e-02	4.548539e-03
4.640000000000001e+00	8.154655e-02	4.558453e-03
4.650000000000000e+00	8.163213e-02	4.568368e-03
4.660000000000000e+00	8.171758e-02	4.578283e-03
4.670000000000000e+00	8.180290e-02	4.588197e-03
4.680000000000000e+00	8.188807e-02	4.598112e-03
4.690000000000000e+00	8.197311e-02	4.608027e-03
4.700000000000001e+00	8.205802e-02	4.617942e-03
4.710000000000001e+00	8.214279e-02	4.627857e-03
4.720000000000001e+00	8.222743e-02	4.637773e-03
4.730000000000000e+00	8.231193e-02	4.647688e-03
4.740000000000000e+00	8.239630e-02	4.657604e-03
4.750000000000000e+00	8.248053e-02	4.667520e-03
4.760000000000000e+00	8.256464e-02	4.677435e-03
4.770000000000000e+00	8.264861e-02	4.687351e-03
4.780000000000001e+00	8.273245e-02	4.697267e-03
4.790000000000001e+00	8.281615e-02	4.707184e-03
4.800000000000001e+00	8.289973e-02	4.717100e-03
4.810000000000000e+00	8.298317e-02	4.727017e-03
4.820000000000000e+00	8.306649e-02	4.736933e-03
4.830000000000000e+00	8.314967e-02	4.746850e-03
4.840000000000000e+00	8.323273e-02	4.756767e-03
4.850000000000000e+00	8.331566e-02	4.766684e-03
4.859999999999999e+00	8.339845e-02	4.776602e-03
4.870000000000001e+00	8.348113e-02	4.786519e-03
4.880000000000001e+00	8.356367e-02	4.796437e-03
4.890000000000001e+00	8.364609e-02	4.806354e-03
4.900000000000000e+00	8.372838e-02	4.816272e-03
4.910000000000000e+00	8.381055e-02	4.826189e-03
4.920000000000000e+00	8.389259e-02	4.836108e-03
4.930000000000000e+00	8.397450e-02	4.846026e-03
4.940000000000000e+00	8.405630e-02	4.855944e-03
4.950000000000001e+00	8.413796e-02	4.865862e-03
4.960000000000001e+00	8.421950e-02	4.875781e-03
4.970000000000001e+00	8.430092e-02	4.885699e-03
4.980000000000000e+00	8.438222e-02	4.895618e-03
4.990000000000000e+00	8.446340e-02	4.905537e-03
5.000000000000000e+00	8.454444e-02	4.915455e-03
5.010000000000000e+00	8.462537e-02	4.925374e-03
5.020000000000000e+00	8.470618e-02	4.935294e-03
5.030000000000001e+00	8.478687e-02	4.945213e-03
5.040000000000001e+00	8.486743e-02	4.955132e-03
5.050000000000001e+00	8.494788e-02	4.965052e-03
5.060000000000000e+00	8.502821e-02	4.974972e-03
5.070000000000000e+00	8.510842e-02	4.984892e-03
5.080000000000000e+00	8.518851e-02	4.994811e-03
5.090000000000000e+00	8.526848e-02	5.004731e-03
5.100000000000000e+00	8.534833e-02	5.014651e-03
5.109999999999999e+00	8.542807e-02	5.024572e-03
5.120000000000001e+00	8.550768e-02	5.034492e-03
5.130000000000001e+00	8.558719e-02	5.044413e-03
5.140000000000001e+00	8.566657e-02	5.054333e-03
5.150000000000000e+00	8.574584e-02	5.064254e-03
5.160000000000000e+00	8.582499e-02	5.074175e-03
5.170000000000000e+00	8.590403e-02	5.084096e-03
5.180000000000000e+00	8.598296e-02	5.094017e-03
5.190000000000000e+00	8.606176e-02	5.103938e-03
5.200000000000001e+00	8.614045e-02	5.113860e-03
5.210000000000001e+00	8.621904e-02	5.123781e-03
5.220000000000001e+00	8.629750e-02	5.133702e-03
5.230000000000000e+00	8.637585e-02	5.143624e-03
5.240000000000000e+00	8.645409e-02	5.153546e-03
5.250000000000000e+00	8.653223e-02	5.163468e-03
5.260000000000000e+00	8.661024e-02	5.173390e-03
5.270000000000000e+00	8.668815e-02	5.183312e-03
5.280000000000001e+00	8.676594e-02	5.193234e-03
5.290000000000001e+00	8.684362e-02	5.203156e-03
5.300000000000001e+00	8.692120e-02	5.213079e-03
5.310000000000000e+00	8.699866e-02	5.223001e-03
5.320000000000000e+00	8.707602e-02	5.232924e-03
5.330000000000000e+00	8.715326e-02	5.242847e-03
5.340000000000000e+00	8.723039e-02	5.252770e-03
5.350000000000000e+00	8.730742e-02	5.262692e-03
5.359999999999999e+00	8.738434e-02	5.272616e-03
5.370000000000001e+00	8.746114e-02	5.282539e-03
5.380000000000001e+00	8.753785e-02	5.292462e-03
5.390000000000001e+00	8.761444e-02	5.302385e-03
5.400000000000000e+00	8.769093e-02	5.312309e-03
5.410000000000000e+00	8.776731e-02	5.322233e-03
5.420000000000000e+00	8.784358e-02	5.332157e-03
5.430000000000000e+00	8.791975e-02	5.342080e-03
5.440000000000000e+00	8.799581e-02	5.352004e-03
5.450000000000001e+00	8.807177e-02	5.361928e-03
5.460000000000001e+00	8.814763e-02	5.371852e-03
5.470000000000001e+00	8.822338e-02	5.381776e-03
5.480000000000000e+00	8.829902e-02	5.391701e-03
5.490000000000000e+00	8.837456e-02	5.401625e-03
5.500000000000000e+00	8.844999e-02	5.411550e-03
5.510000000000000e+00	8.852533e-02	5.421475e-03
5.520000000000000e+00	8.860056e-02	5.431399e-03
5.530000000000001e+00	8.867569e-02	5.441324e-03
5.540000000000001e+00	8.875071e-02	5.451249e-03
5.550000000000001e+00	8.882564e-02	5.461175e-03
5.560000000000000e+00	8.890045e-02	5.471100e-03
5.570000000000000e+00	8.897518e-02	5.481025e-03
5.580000000000000e+00	8.904979e-02	5.490950e-03
5.590000000000000e+00	8.912431e-02	5.500876e-03
5.600000000000000e+00	8.919873e-02	5.510801e-03
5.610000000000001e+00	8.927305e-02	5.520727e-03
5.620000000000001e+00	8.934727e-02	5.530653e-03
5.630000000000001e+00	8.942138e-02	5.540579e-03
5.640000000000001e+00	8.949541e-02	5.550505e-03
5.650000000000000e+00	8.956932e-02	5.560431e-03
5.660000000000000e+00	8.964315e-02	5.570357e-03
5.670000000000000e+00	8.971687e-02	5.580283e-03
5.680000000000000e+00	8.979049e-02	5.590209e-03
5.690000000000000e+00	8.986402e-02	5.600136e-03
5.700000000000001e+00	8.993746e-02	5.610063e-03
5.710000000000001e+00	9.001078e-02	5.619989e-03
5.720000000000001e+00	9.008402e-02	5.629916e-03
5.730000000000000e+00	9.015717e-02	5.639843e-03
5.740000000000000e+00	9.023021e-02	5.649770e-03
5.750000000000000e+00	9.030316e-02	5.659697e-03
5.760000000000000e+00	9.037601e-02	5.669624e-03
5.770000000000000e+00	9.044877e-02	5.679551e-03
5.780000000000001e+00	9.052143e-02	5.689478e-03
5.790000000000001e+00	9.059399e-02	5.699406e-03
5.800000000000001e+00	9.066647e-02	5.709333e-03
5.810000000000000e+00	9.073885e-02	5.719261e-03
5.820000000000000e+00	9.081113e-02	5.729189e-03
5.830000000000000e+00	9.088332e-02	5.739117e-03
5.840000000000000e+00	9.095542e-02	5.749044e-03
5.850000000000000e+00	9.102742e-02	5.758972e-03
5.860000000000001e+00	9.109934e-02	5.768901e-03
5.870000000000001e+00	9.117116e-02	5.778829e-03
5.880000000000001e+00	9.124289e-02	5.788757e-03
5.890000000000001e+00	9.131452e-02	5.798685e-03
5.900000000000000e+00	9.138606e-02	5.808614e-03
5.910000000000000e+00	9.145752e-02	5.818543e-03
5.920000000000000e+00	9.152888e-02	5.828471e-03
5.930000000000000e+00	9.160015e-02	5.838400e-03
5.940000000000000e+00	9.167133e-02	5.848329e-03
5.950000000000001e+00	9.174242e-02	5.858257e-03
5.960000000000001e+00	9.181342e-02	5.868187e-03
5.970000000000001e+00	9.188432e-02	5.878116e-03
5.980000000000000e+00	9.195515e-02	5.888045e-03
5.990000000000000e+00	9.202588e-02	5.897974e-03
6.000000000000000e+00	9.209651e-02	5.907903e-03
6.010000000000002e+00	9.216707e-02	5.917833e-03
6.020000000000000e+00	9.223753e-02	5.927762e-03
6.030000000000001e+00	9.230791e-02	5.937692e-03
6.039999999999999e+00	9.237820e-02	5.947622e-03
6.050000000000001e+00	9.244840e-02	5.957552e-03
6.059999999999999e+00	9.251851e-02	5.967482e-03
6.070000000000000e+00	9.258854e-02	5.977411e-03
6.080000000000002e+00	9.265848e-02	5.987342e-03
6.090000000000000e+00	9.272832e-02	5.997272e-03
6.100000000000001e+00	9.279809e-02	6.007202e-03
6.109999999999999e+00	9.286777e-02	6.017132e-03
6.120000000000001e+00	9.293737e-02	6.027062e-03
6.129999999999999e+00	9.300687e-02	6.036993e-03
6.140000000000001e+00	9.307630e-02	6.046924e-03
6.149999999999999e+00	9.314563e-02	6.056855e-03
6.160000000000000e+00	9.321488e-02	6.066785e-03
6.170000000000002e+00	9.328405e-02	6.076716e-03
6.180000000000000e+00	9.335313e-02	6.086647e-03
6.190000000000001e+00	9.342213e-02	6.096578e-03
6.199999999999999e+00	9.349104e-02	6.106509e-03
6.210000000000001e+00	9.355988e-02	6.116440e-03
6.219999999999999e+00	9.362862e-02	6.126371e-03
6.230000000000000e+00	9.369728e-02	6.136303e-03
6.240000000000002e+00	9.376586e-02	6.146234e-03
6.250000000000000e+00	9.383436e-02	6.156166e-03
6.260000000000002e+00	9.390277e-02	6.166097e-03
6.270000000000000e+00	9.397111e-02	6.176029e-03
6.280000000000001e+00	9.403936e-02	6.185960e-03
6.289999999999999e+00	9.410752e-02	6.195893e-03
6.300000000000001e+00	9.417561e-02	6.205824e-03
6.309999999999999e+00	9.424362e-02	6.215756e-03
6.320000000000000e+00	9.431154e-02	6.225688e-03
6.330000000000002e+00	9.437939e-02	6.235620e-03
6.340000000000000e+00	9.444715e-02	6.245553e-03
6.350000000000001e+00	9.451483e-02	6.255485e-03
6.359999999999999e+00	9.458243e-02	6.265418e-03
6.370000000000001e+00	9.464995e-02	6.275350e-03
6.379999999999999e+00	9.471739e-02	6.285283e-03
6.390000000000001e+00	9.478475e-02	6.295215e-03
6.399999999999999e+00	9.485204e-02	6.305148e-03
6.410000000000000e+00	9.491924e-02	6.315081e-03
6.420000000000002e+00	9.498636e-02	6.325013e-03
6.430000000000000e+00	9.505341e-02	6.334946e-03
6.440000000000001e+00	9.512038e-02	6.344880e-03
6.449999999999999e+00	9.518726e-02	6.354813e-03
6.460000000000001e+00	9.525407e-02	6.364746e-03
6.469999999999999e+00	9.532081e-02	6.374679e-03
6.480000000000000e+00	9.538746e-02	6.384613e-03
6.490000000000002e+00	9.545404e-02	6.394546e-03
6.500000000000000e+00	9.552053e-02	6.404479e-03
6.510000000000002e+00	9.558696e-02	6.414413e-03
6.520000000000000e+00	9.565330e-02	6.424346e-03
6.530000000000001e+00	9.571957e-02	6.434280e-03
6.539999999999999e+00	9.578577e-02	6.444214e-03
6.550000000000001e+00	9.585188e-02	6.454148e-03
6.559999999999999e+00	9.591792e-02	6.464082e-03
6.570000000000000e+00	9.598389e-02	6.474016e-03
6.580000000000002e+00	9.604977e-02	6.483950e-03
6.590000000000000e+00	9.611559e-02	6.493885e-03
6.600000000000001e+00	9.618133e-02	6.503819e-03
6.609999999999999e+00	9.624699e-02	6.513753e-03
6.620000000000001e+00	9.631258e-02	6.523687e-03
6.629999999999999e+00	9.637809e-02	6.533622e-03
6.640000000000001e+00	9.644353e-02	6.543557e-03
6.649999999999999e+00	9.650889e-02	6.553491e-03
6.660000000000000e+00	9.657418e-02	6.563426e-03
6.670000000000002e+00	9.663940e-02	6.573360e-03
6.680000000000000e+00	9.670454e-02	6.583295e-03
6.690000000000001e+00	9.676961e-02	6.593230e-03
6.699999999999999e+00	9.683461e-02	6.603166e-03
6.710000000000001e+00	9.689953e-02	6.613100e-03
6.719999999999999e+00	9.696438e-02	6.623036e-03
6.730000000000000e+00	9.702916e-02	6.632971e-03
6.740000000000002e+00	9.709387e-02	6.642906e-03
6.750000000000000e+00	9.715850e-02	6.652841e-03
6.760000000000002e+00	9.722306e-02	6.662777e-03
6.770000000000000e+00	9.728755e-02	6.672713e-03
6.780000000000001e+00	9.735197e-02	6.682648e-03
6.789999999999999e+00	9.741631e-02	6.692584e-03
6.800000000000001e+00	9.748059e-02	6.702519e-03
6.809999999999999e+00	9.754479e-02	6.712455e-03
6.820000000000000e+00	9.760892e-02	6.722391e-03
6.830000000000002e+00	9.767298e-02	6.732327e-03
6.840000000000000e+00	9.773698e-02	6.742263e-03
6.850000000000001e+00	9.780090e-02	6.752199e-03
6.859999999999999e+00	9.786475e-02	6.762135e-03
6.870000000000001e+00	9.792852e-02	6.772072e-03
6.879999999999999e+00	9.799223e-02	6.782008e-03
6.890000000000001e+00	9.805588e-02	6.791944e-03
6.899999999999999e+00	9.811945e-02	6.801880e-03
6.910000000000000e+00	9.818295e-02	6.811817e-03
6.920000000000002e+00	9.824638e-02	6.821753e-03
6.930000000000000e+00	9.830975e-02	6.831690e-03
6.940000000000001e+00	9.837304e-02	6.841627e-03
6.949999999999999e+00	9.843627e-02	6.851564e-03
6.960000000000001e+00	9.849942e-02	6.861500e-03
6.969999999999999e+00	9.856252e-02	6.871438e-03
6.980000000000000e+00	9.862553e-02	6.881374e-03
6.990000000000002e+00	9.868849e-02	6.891312e-03
7.000000000000000e+00	9.875137e-02	6.901249e-03
7.010000000000002e+00	9.881419e-02	6.911186e-03
7.020000000000000e+00	9.887694e-02	6.921123e-03
7.030000000000001e+00	9.893963e-02	6.931060e-03
7.039999999999999e+00	9.900224e-02	6.940998e-03
7.050000000000001e+00	9.906479e-02	6.950935e-03
7.059999999999999e+00	9.912727e-02	6.960873e-03
7.070000000000000e+00	9.918969e-02	6.970810e-03
7.080000000000002e+00	9.925204e-02	6.980748e-03
7.090000000000000e+00	9.931432e-02	6.990686e-03
7.100000000000001e+00	9.937654e-02	7.000623e-03
7.109999999999999e+00	9.943869e-02	7.010561e-03
7.120000000000001e+00	9.950078e-02	7.020499e-03
7.129999999999999e+00	9.956280e-02	7.030437e-03
7.140000000000001e+00	9.962475e-02	7.040375e-03
7.150000000000002e+00	9.968664e-02	7.050314e-03
7.160000000000000e+00	9.974847e-02	7.060252e-03
7.170000000000002e+00	9.981023e-02	7.070190e-03
7.180000000000000e+00	9.987193e-02	7.080128e-03
7.190000000000001e+00	9.993356e-02	7.090067e-03
7.199999999999999e+00	9.999512e-02	7.100005e-03
7.210000000000001e+00	1.000566e-01	7.109943e-03
7.219999999999999e+00	1.001181e-01	7.119882e-03
7.230000000000000e+00	1.001794e-01	7.129821e-03
7.240000000000002e+00	1.002407e-01	7.139759e-03
7.250000000000000e+00	1.003020e-01	7.149698e-03
7.260000000000002e+00	1.003632e-01	7.159637e-03
7.270000000000000e+00	1.004243e-01	7.169576e-03
7.280000000000001e+00	1.004853e-01	7.179515e-03
7.289999999999999e+00	1.005463e-01	7.189454e-03
7.300000000000001e+00	1.006073e-01	7.199393e-03
7.309999999999999e+00	1.006681e-01	7.209332e-03
7.320000000000000e+00	1.007289e-01	7.219271e-03
7.330000000000002e+00	1.007897e-01	7.229210e-03
7.340000000000000e+00	1.008504e-01	7.239149e-03
7.350000000000001e+00	1.009110e-01	7.249089e-03
7.359999999999999e+00	1.009715e-01	7.259028e-03
7.370000000000001e+00	1.010320e-01	7.268968e-03
7.379999999999999e+00	1.010925e-01	7.278908e-03
7.390000000000001e+00	1.011528e-01	7.288847e-03
7.400000000000002e+00	1.012132e-01	7.298787e-03
7.410000000000000e+00	1.012734e-01	7.308727e-03
7.420000000000002e+00	1.013336e-01	7.318666e-03
7.430000000000000e+00	1.013937e-01	7.328606e-03
7.440000000000001e+00	1.014538e-01	7.338546e-03
7.449999999999999e+00	1.015138e-01	7.348486e-03
7.460000000000001e+00	1.015737e-01	7.358426e-03
7.469999999999999e+00	1.016336e-01	7.368366e-03
7.480000000000000e+00	1.016935e-01	7.378307e-03
7.490000000000002e+00	1.017532e-01	7.388247e-03
7.500000000000000e+00	1.018129e-01	7.398187e-03
7.510000000000002e+00	1.018726e-01	7.408128e-03
7.520000000000000e+00	1.019322e-01	7.418068e-03
7.530000000000001e+00	1.019917e-01	7.428008e-03
7.539999999999999e+00	1.020511e-01	7.437949e-03
7.550000000000001e+00	1.021105e-01	7.447890e-03
7.559999999999999e+00	1.021699e-01	7.457830e-03
7.570000000000000e+00	1.022292e-01	7.467771e-03
7.580000000000002e+00	1.022884e-01	7.477711e-03
7.590000000000000e+00	1.023476e-01	7.487652e-03
7.600000000000001e+00	1.024067e-01	7.497593e-03
7.609999999999999e+00	1.024658e-01	7.507534e-03
7.620000000000001e+00	1.025248e-01	7.517475e-03
7.629999999999999e+00	1.025837e-01	7.527416e-03
7.640000000000001e+00	1.026426e-01	7.537358e-03
7.650000000000002e+00	1.027014e-01	7.547298e-03
7.660000000000000e+00	1.027602e-01	7.557240e-03
7.670000000000002e+00	1.028189e-01	7.567181e-03
7.680000000000000e+00	1.028775e-01	7.577123e-03
7.690000000000001e+00	1.029361e-01	7.587064e-03
7.699999999999999e+00	1.029947e-01	7.597005e-03
7.710000000000001e+00	1.030532e-01	7.606947e-03
7.719999999999999e+00	1.031116e-01	7.616888e-03
7.730000000000000e+00	1.031699e-01	7.626830e-03
7.740000000000002e+00	1.032283e-01	7.636772e-03
7.750000000000000e+00	1.032865e-01	7.646713e-03
7.760000000000002e+00	1.033447e-01	7.656655e-03
7.770000000000000e+00	1.034028e-01	7.666597e-03
7.780000000000001e+00	1.034609e-01	7.676539e-03
7.789999999999999e+00	1.035190e-01	7.686481e-03
7.800000000000001e+00	1.035769e-01	7.696423e-03
7.809999999999999e+00	1.036348e-01	7.706365e-03
7.820000000000000e+00	1.036927e-01	7.716307e-03
7.830000000000002e+00	1.037505e-01	7.726249e-03
7.840000000000000e+00	1.038083e-01	7.736192e-03
7.850000000000001e+00	1.038660e-01	7.746134e-03
7.859999999999999e+00	1.039236e-01	7.756076e-03
7.870000000000001e+00	1.039812e-01	7.766019e-03
7.879999999999999e+00	1.040387e-01	7.775961e-03
7.890000000000001e+00	1.040962e-01	7.785904e-03
7.900000000000002e+00	1.041536e-01	7.795847e-03
7.910000000000000e+00	1.042110e-01	7.805789e-03
7.920000000000002e+00	1.042683e-01	7.815732e-03
7.930000000000000e+00	1.043256e-01	7.825674e-03
7.940000000000001e+00	1.043828e-01	7.835617e-03
7.949999999999999e+00	1.044399e-01	7.845560e-03
7.960000000000001e+00	1.044970e-01	7.855503e-03
7.969999999999999e+00	1.045541e-01	7.865446e-03
7.980000000000000e+00	1.046111e-01	7.875388e-03
7.990000000000002e+00	1.046680e-01	7.885332e-03
8.000000000000000e+00	1.047249e-01	7.895275e-03
8.010000000000002e+00	1.047817e-01	7.905218e-03
8.020000000000000e+00	1.048385e-01	7.915162e-03
8.030000000000001e+00	1.048952e-01	7.925104e-03
8.039999999999999e+00	1.049519e-01	7.935048e-03
8.050000000000001e+00	1.050085e-01	7.944992e-03
8.059999999999999e+00	1.050651e-01	7.954935e-03
8.070000000000000e+00	1.051216e-01	7.964878e-03
8.080000000000002e+00	1.051781e-01	7.974822e-03
8.090000000000000e+00	1.052345e-01	7.984766e-03
8.100000000000001e+00	1.052908e-01	7.994710e-03
8.109999999999999e+00	1.053471e-01	8.004653e-03
8.120000000000001e+00	1.054034e-01	8.014597e-03
8.129999999999999e+00	1.054596e-01	8.024541e-03
8.140000000000001e+00	1.055158e-01	8.034484e-03
8.150000000000002e+00	1.055719e-01	8.044428e-03
8.160000000000000e+00	1.056279e-01	8.054372e-03
8.170000000000002e+00	1.056839e-01	8.064316e-03
8.180000000000000e+00	1.057398e-01	8.074260e-03
8.190000000000001e+00	1.057957e-01	8.084204e-03
8.199999999999999e+00	1.058516e-01	8.094149e-03
8.210000000000001e+00	1.059074e-01	8.104092e-03
8.219999999999999e+00	1.059631e-01	8.114037e-03
8.230000000000000e+00	1.060188e-01	8.123981e-03
8.240000000000002e+00	1.060745e-01	8.133925e-03
8.250000000000000e+00	1.061300e-01	8.143870e-03
8.260000000000002e+00	1.061856e-01	8.153815e-03
8.270000000000000e+00	1.062411e-01	8.163759e-03
8.280000000000001e+00	1.062965e-01	8.173703e-03
8.289999999999999e+00	1.063519e-01	8.183648e-03
8.300000000000001e+00	1.064072e-01	8.193593e-03
8.309999999999999e+00	1.064625e-01	8.203537e-03
8.320000000000000e+00	1.065178e-01	8.213482e-03
8.330000000000002e+00	1.065730e-01	8.223427e-03
8.340000000000000e+00	1.066281e-01	8.233372e-03
8.350000000000001e+00	1.066832e-01	8.243317e-03
8.359999999999999e+00	1.067383e-01	8.253261e-03
8.370000000000001e+00	1.067932e-01	8.263207e-03
8.379999999999999e+00	1.068482e-01	8.273152e-03
8.390000000000001e+00	1.069031e-01	8.283097e-03
8.400000000000002e+00	1.069579e-01	8.293042e-03
8.410000000000000e+00	1.070127e-01	8.302988e-03
8.420000000000002e+00	1.070675e-01	8.312932e-03
8.430000000000000e+00	1.071222e-01	8.322878e-03
8.440000000000001e+00	1.071768e-01	8.332823e-03
8.449999999999999e+00	1.072315e-01	8.342769e-03
8.460000000000001e+00	1.072860e-01	8.352714e-03
8.469999999999999e+00	1.073405e-01	8.362659e-03
8.480000000000000e+00	1.073950e-01	8.372605e-03
8.490000000000002e+00	1.074494e-01	8.382550e-03
8.500000000000000e+00	1.075038e-01	8.392496e-03
8.510000000000002e+00	1.075581e-01	8.402442e-03
8.520000000000000e+00	1.076124e-01	8.412387e-03
8.530000000000001e+00	1.076666e-01	8.422334e-03
8.539999999999999e+00	1.077208e-01	8.432279e-03
8.550000000000001e+00	1.077749e-01	8.442225e-03
8.559999999999999e+00	1.078290e-01	8.452171e-03
8.570000000000000e+00	1.078830e-01	8.462117e-03
8.580000000000002e+00	1.079370e-01	8.472063e-03
8.590000000000000e+00	1.079909e-01	8.482009e-03
8.600000000000001e+00	1.080448e-01	8.491955e-03
8.609999999999999e+00	1.080987e-01	8.501901e-03
8.620000000000001e+00	1.081525e-01	8.511848e-03
8.629999999999999e+00	1.082062e-01	8.521793e-03
8.640000000000001e+00	1.082599e-01	8.531740e-03
8.650000000000002e+00	1.083136e-01	8.541686e-03
8.660000000000000e+00	1.083672e-01	8.551633e-03
8.670000000000002e+00	1.084208e-01	8.561580e-03
8.680000000000000e+00	1.084743e-01	8.571526e-03
8.690000000000001e+00	1.085278e-01	8.581473e-03
8.699999999999999e+00	1.085812e-01	8.591419e-03
8.710000000000001e+00	1.086346e-01	8.601366e-03
8.719999999999999e+00	1.086880e-01	8.611312e-03
8.730000000000000e+00	1.087413e-01	8.621259e-03
8.740000000000002e+00	1.087945e-01	8.631205e-03
8.750000000000000e+00	1.088477e-01	8.641153e-03
8.760000000000002e+00	1.089009e-01	8.651099e-03
8.770000000000000e+00	1.089540e-01	8.661046e-03
8.780000000000001e+00	1.090071e-01	8.670993e-03
8.789999999999999e+00	1.090601e-01	8.680940e-03
8.800000000000001e+00	1.091131e-01	8.690887e-03
8.809999999999999e+00	1.091660e-01	8.700834e-03
8.820000000000000e+00	1.092189e-01	8.710781e-03
8.830000000000002e+00	1.092717e-01	8.720729e-03
8.840000000000000e+00	1.093246e-01	8.730675e-03
8.850000000000001e+00	1.093773e-01	8.740623e-03
8.859999999999999e+00	1.094300e-01	8.750570e-03
8.870000000000001e+00	1.094827e-01	8.760517e-03
8.879999999999999e+00	1.095353e-01	8.770465e-03
8.890000000000001e+00	1.095879e-01	8.780412e-03
8.900000000000002e+00	1.096404e-01	8.790360e-03
8.910000000000000e+00	1.096929e-01	8.800307e-03
8.920000000000002e+00	1.097454e-01	8.810255e-03
8.930000000000000e+00	1.097978e-01	8.820202e-03
8.940000000000001e+00	1.098502e-01	8.830150e-03
8.949999999999999e+00	1.099025e-01	8.840097e-03
8.960000000000001e+00	1.099548e-01	8.850046e-03
8.969999999999999e+00	1.100070e-01	8.859993e-03
8.980000000000000e+00	1.100592e-01	8.869940e-03
8.990000000000002e+00	1.101113e-01	8.879889e-03
9.000000000000000e+00	1.101634e-01	8.889836e-03
9.010000000000002e+00	1.102155e-01	8.899785e-03
9.020000000000000e+00	1.102675e-01	8.909732e-03
9.030000000000001e+00	1.103195e-01	8.919680e-03
9.039999999999999e+00	1.103714e-01	8.929629e-03
9.050000000000001e+00	1.104233e-01	8.939576e-03
9.059999999999999e+00	1.104752e-01	8.949525e-03
9.070000000000000e+00	1.105270e-01	8.959473e-03
9.080000000000002e+00	1.105787e-01	8.969421e-03
9.090000000000000e+00	1.106305e-01	8.979370e-03
9.100000000000001e+00	1.106821e-01	8.989318e-03
9.109999999999999e+00	1.107338e-01	8.999267e-03
9.120000000000001e+00	1.107854e-01	9.009215e-03
9.129999999999999e+00	1.108369e-01	9.019163e-03
9.140000000000001e+00	1.108884e-01	9.029112e-03
9.150000000000002e+00	1.109399e-01	9.039060e-03
9.160000000000000e+00	1.109913e-01	9.049009e-03
9.170000000000002e+00	1.110427e-01	9.058957e-03
9.180000000000000e+00	1.110941e-01	9.068906e-03
9.190000000000001e+00	1.111454e-01	9.078855e-03
9.199999999999999e+00	1.111966e-01	9.088803e-03
9.210000000000001e+00	1.112479e-01	9.098752e-03
9.219999999999999e+00	1.112990e-01	9.108701e-03
9.230000000000000e+00	1.113502e-01	9.118650e-03
9.240000000000002e+00	1.114013e-01	9.128598e-03
9.250000000000000e+00	1.114523e-01	9.138548e-03
9.260000000000002e+00	1.115033e-01	9.148496e-03
9.270000000000000e+00	1.115543e-01	9.158446e-03
9.280000000000001e+00	1.116053e-01	9.168395e-03
9.289999999999999e+00	1.116562e-01	9.178344e-03
9.300000000000001e+00	1.117070e-01	9.188293e-03
9.309999999999999e+00	1.117578e-01	9.198242e-03
9.320000000000000e+00	1.118086e-01	9.208191e-03
9.330000000000002e+00	1.118593e-01	9.218141e-03
9.340000000000000e+00	1.119100e-01	9.228090e-03
9.350000000000001e+00	1.119607e-01	9.238039e-03
9.359999999999999e+00	1.120113e-01	9.247988e-03
9.370000000000001e+00	1.120619e-01	9.257938e-03
9.379999999999999e+00	1.121124e-01	9.267888e-03
9.390000000000001e+00	1.121629e-01	9.277837e-03
9.400000000000002e+00	1.122133e-01	9.287787e-03
9.410000000000000e+00	1.122638e-01	9.297736e-03
9.420000000000002e+00	1.123141e-01	9.307686e-03
9.430000000000000e+00	1.123645e-01	9.317636e-03
9.440000000000001e+00	1.124148e-01	9.327585e-03
9.449999999999999e+00	1.124650e-01	9.337535e-03
9.460000000000001e+00	1.125152e-01	9.347484e-03
9.469999999999999e+00	1.125654e-01	9.357435e-03
9.480000000000000e+00	1.126156e-01	9.367384e-03
9.490000000000002e+00	1.126657e-01	9.377334e-03
9.500000000000000e+00	1.127157e-01	9.387285e-03
9.510000000000002e+00	1.127657e-01	9.397234e-03
9.520000000000000e+00	1.128157e-01	9.407184e-03
9.530000000000001e+00	1.128657e-01	9.417134e-03
9.539999999999999e+00	1.129156e-01	9.427085e-03
9.550000000000001e+00	1.129654e-01	9.437035e-03
9.559999999999999e+00	1.130153e-01	9.446985e-03
9.570000000000000e+00	1.130651e-01	9.456935e-03
9.580000000000002e+00	1.131148e-01	9.466886e-03
9.590000000000000e+00	1.131645e-01	9.476836e-03
9.600000000000001e+00	1.132142e-01	9.486786e-03
9.609999999999999e+00	1.132639e-01	9.496736e-03
9.620000000000001e+00	1.133135e-01	9.506687e-03
9.629999999999999e+00	1.133630e-01	9.516637e-03
9.640000000000001e+00	1.134125e-01	9.526587e-03
9.650000000000002e+00	1.134620e-01	9.536538e-03
9.660000000000000e+00	1.135115e-01	9.546489e-03
9.670000000000002e+00	1.135609e-01	9.556439e-03
9.680000000000000e+00	1.136103e-01	9.566390e-03
9.690000000000001e+00	1.136596e-01	9.576340e-03
9.699999999999999e+00	1.137089e-01	9.586291e-03
9.710000000000001e+00	1.137582e-01	9.596242e-03
9.719999999999999e+00	1.138074e-01	9.606193e-03
9.730000000000000e+00	1.138566e-01	9.616143e-03
9.740000000000002e+00	1.139057e-01	9.626094e-03
9.750000000000000e+00	1.139548e-01	9.636045e-03
9.760000000000002e+00	1.140039e-01	9.645996e-03
9.770000000000000e+00	1.140529e-01	9.655947e-03
9.780000000000001e+00	1.141019e-01	9.665898e-03
9.789999999999999e+00	1.141509e-01	9.675849e-03
9.800000000000001e+00	1.141998e-01	9.685800e-03
9.809999999999999e+00	1.142487e-01	9.695752e-03
9.820000000000000e+00	1.142976e-01	9.705703e-03
9.830000000000002e+00	1.143464e-01	9.715654e-03
9.840000000000000e+00	1.143952e-01	9.725605e-03
9.850000000000001e+00	1.144439e-01	9.735556e-03
9.859999999999999e+00	1.144926e-01	9.745508e-03
9.870000000000001e+00	1.145413e-01	9.755459e-03
9.879999999999999e+00	1.145899e-01	9.765410e-03
9.890000000000001e+00	1.146385e-01	9.775361e-03
9.900000000000002e+00	1.146871e-01	9.785313e-03
9.910000000000000e+00	1.147356e-01	9.795264e-03
9.920000000000002e+00	1.147841e-01	9.805216e-03
9.930000000000000e+00	1.148326e-01	9.815168e-03
9.940000000000001e+00	1.148810e-01	9.825119e-03
9.949999999999999e+00	1.149294e-01	9.835071e-03
9.960000000000001e+00	1.149777e-01	9.845022e-03
9.969999999999999e+00	1.150260e-01	9.854974e-03
9.980000000000000e+00	1.150743e-01	9.864925e-03
9.990000000000002e+00	1.151226e-01	9.874878e-03
1.000000000000000e+01	1.151708e-01	9.884830e-03
