V1	V(vd1)	I(D1)
-1.000000000000000e+01	-2.268741e+00	-7.731259e-03
-9.990000000000000e+00	-2.268698e+00	-7.721302e-03
-9.980000000000000e+00	-2.268656e+00	-7.711344e-03
-9.970000000000001e+00	-2.268613e+00	-7.701387e-03
-9.960000000000001e+00	-2.268571e+00	-7.691429e-03
-9.949999999999999e+00	-2.268528e+00	-7.681472e-03
-9.940000000000000e+00	-2.268485e+00	-7.671515e-03
-9.930000000000000e+00	-2.268442e+00	-7.661558e-03
-9.920000000000000e+00	-2.268399e+00	-7.651601e-03
-9.910000000000000e+00	-2.268357e+00	-7.641643e-03
-9.900000000000000e+00	-2.268314e+00	-7.631686e-03
-9.890000000000001e+00	-2.268271e+00	-7.621729e-03
-9.880000000000001e+00	-2.268228e+00	-7.611772e-03
-9.869999999999999e+00	-2.268185e+00	-7.601815e-03
-9.859999999999999e+00	-2.268142e+00	-7.591858e-03
-9.850000000000000e+00	-2.268099e+00	-7.581901e-03
-9.840000000000000e+00	-2.268056e+00	-7.571945e-03
-9.830000000000000e+00	-2.268012e+00	-7.561988e-03
-9.820000000000000e+00	-2.267969e+00	-7.552031e-03
-9.810000000000000e+00	-2.267926e+00	-7.542074e-03
-9.800000000000001e+00	-2.267883e+00	-7.532117e-03
-9.789999999999999e+00	-2.267839e+00	-7.522161e-03
-9.779999999999999e+00	-2.267796e+00	-7.512204e-03
-9.770000000000000e+00	-2.267752e+00	-7.502248e-03
-9.760000000000000e+00	-2.267709e+00	-7.492291e-03
-9.750000000000000e+00	-2.267665e+00	-7.482335e-03
-9.740000000000000e+00	-2.267622e+00	-7.472378e-03
-9.730000000000000e+00	-2.267578e+00	-7.462422e-03
-9.720000000000001e+00	-2.267534e+00	-7.452466e-03
-9.710000000000001e+00	-2.267491e+00	-7.442509e-03
-9.699999999999999e+00	-2.267447e+00	-7.432553e-03
-9.690000000000000e+00	-2.267403e+00	-7.422597e-03
-9.680000000000000e+00	-2.267359e+00	-7.412641e-03
-9.670000000000000e+00	-2.267315e+00	-7.402685e-03
-9.660000000000000e+00	-2.267271e+00	-7.392729e-03
-9.650000000000000e+00	-2.267227e+00	-7.382773e-03
-9.640000000000001e+00	-2.267183e+00	-7.372817e-03
-9.630000000000001e+00	-2.267139e+00	-7.362861e-03
-9.619999999999999e+00	-2.267095e+00	-7.352905e-03
-9.609999999999999e+00	-2.267051e+00	-7.342949e-03
-9.600000000000000e+00	-2.267007e+00	-7.332993e-03
-9.590000000000000e+00	-2.266962e+00	-7.323038e-03
-9.580000000000000e+00	-2.266918e+00	-7.313082e-03
-9.570000000000000e+00	-2.266874e+00	-7.303127e-03
-9.560000000000000e+00	-2.266829e+00	-7.293171e-03
-9.550000000000001e+00	-2.266785e+00	-7.283215e-03
-9.539999999999999e+00	-2.266740e+00	-7.273260e-03
-9.529999999999999e+00	-2.266696e+00	-7.263304e-03
-9.520000000000000e+00	-2.266651e+00	-7.253349e-03
-9.510000000000000e+00	-2.266606e+00	-7.243393e-03
-9.500000000000000e+00	-2.266562e+00	-7.233438e-03
-9.490000000000000e+00	-2.266517e+00	-7.223483e-03
-9.480000000000000e+00	-2.266472e+00	-7.213528e-03
-9.470000000000001e+00	-2.266427e+00	-7.203573e-03
-9.460000000000001e+00	-2.266382e+00	-7.193618e-03
-9.449999999999999e+00	-2.266337e+00	-7.183663e-03
-9.440000000000000e+00	-2.266293e+00	-7.173708e-03
-9.430000000000000e+00	-2.266248e+00	-7.163752e-03
-9.420000000000000e+00	-2.266202e+00	-7.153797e-03
-9.410000000000000e+00	-2.266157e+00	-7.143843e-03
-9.400000000000000e+00	-2.266112e+00	-7.133888e-03
-9.390000000000001e+00	-2.266067e+00	-7.123933e-03
-9.380000000000001e+00	-2.266021e+00	-7.113978e-03
-9.369999999999999e+00	-2.265976e+00	-7.104024e-03
-9.359999999999999e+00	-2.265931e+00	-7.094069e-03
-9.350000000000000e+00	-2.265885e+00	-7.084114e-03
-9.340000000000000e+00	-2.265840e+00	-7.074160e-03
-9.330000000000000e+00	-2.265795e+00	-7.064206e-03
-9.320000000000000e+00	-2.265749e+00	-7.054251e-03
-9.310000000000000e+00	-2.265703e+00	-7.044297e-03
-9.300000000000001e+00	-2.265657e+00	-7.034342e-03
-9.289999999999999e+00	-2.265612e+00	-7.024388e-03
-9.279999999999999e+00	-2.265566e+00	-7.014434e-03
-9.270000000000000e+00	-2.265520e+00	-7.004480e-03
-9.260000000000000e+00	-2.265474e+00	-6.994526e-03
-9.250000000000000e+00	-2.265428e+00	-6.984571e-03
-9.240000000000000e+00	-2.265382e+00	-6.974617e-03
-9.230000000000000e+00	-2.265336e+00	-6.964664e-03
-9.220000000000001e+00	-2.265290e+00	-6.954710e-03
-9.210000000000001e+00	-2.265244e+00	-6.944756e-03
-9.199999999999999e+00	-2.265198e+00	-6.934802e-03
-9.190000000000000e+00	-2.265152e+00	-6.924848e-03
-9.180000000000000e+00	-2.265105e+00	-6.914895e-03
-9.170000000000000e+00	-2.265059e+00	-6.904941e-03
-9.160000000000000e+00	-2.265013e+00	-6.894987e-03
-9.150000000000000e+00	-2.264966e+00	-6.885034e-03
-9.140000000000001e+00	-2.264920e+00	-6.875080e-03
-9.130000000000001e+00	-2.264873e+00	-6.865127e-03
-9.119999999999999e+00	-2.264827e+00	-6.855174e-03
-9.109999999999999e+00	-2.264780e+00	-6.845220e-03
-9.100000000000000e+00	-2.264733e+00	-6.835267e-03
-9.090000000000000e+00	-2.264686e+00	-6.825313e-03
-9.080000000000000e+00	-2.264640e+00	-6.815360e-03
-9.070000000000000e+00	-2.264593e+00	-6.805407e-03
-9.060000000000000e+00	-2.264546e+00	-6.795454e-03
-9.050000000000001e+00	-2.264499e+00	-6.785501e-03
-9.039999999999999e+00	-2.264452e+00	-6.775548e-03
-9.029999999999999e+00	-2.264405e+00	-6.765595e-03
-9.020000000000000e+00	-2.264358e+00	-6.755643e-03
-9.010000000000000e+00	-2.264310e+00	-6.745690e-03
-9.000000000000000e+00	-2.264263e+00	-6.735737e-03
-8.990000000000000e+00	-2.264216e+00	-6.725784e-03
-8.980000000000000e+00	-2.264169e+00	-6.715831e-03
-8.970000000000001e+00	-2.264121e+00	-6.705879e-03
-8.960000000000001e+00	-2.264074e+00	-6.695927e-03
-8.949999999999999e+00	-2.264026e+00	-6.685974e-03
-8.940000000000000e+00	-2.263978e+00	-6.676021e-03
-8.930000000000000e+00	-2.263931e+00	-6.666069e-03
-8.920000000000000e+00	-2.263883e+00	-6.656117e-03
-8.910000000000000e+00	-2.263835e+00	-6.646165e-03
-8.900000000000000e+00	-2.263788e+00	-6.636213e-03
-8.890000000000001e+00	-2.263740e+00	-6.626260e-03
-8.879999999999999e+00	-2.263692e+00	-6.616308e-03
-8.869999999999999e+00	-2.263644e+00	-6.606356e-03
-8.859999999999999e+00	-2.263596e+00	-6.596404e-03
-8.850000000000000e+00	-2.263548e+00	-6.586452e-03
-8.840000000000000e+00	-2.263499e+00	-6.576500e-03
-8.830000000000000e+00	-2.263451e+00	-6.566549e-03
-8.820000000000000e+00	-2.263403e+00	-6.556597e-03
-8.810000000000000e+00	-2.263355e+00	-6.546645e-03
-8.800000000000001e+00	-2.263306e+00	-6.536694e-03
-8.789999999999999e+00	-2.263258e+00	-6.526742e-03
-8.779999999999999e+00	-2.263209e+00	-6.516790e-03
-8.770000000000000e+00	-2.263161e+00	-6.506839e-03
-8.760000000000000e+00	-2.263112e+00	-6.496888e-03
-8.750000000000000e+00	-2.263063e+00	-6.486936e-03
-8.740000000000000e+00	-2.263015e+00	-6.476985e-03
-8.730000000000000e+00	-2.262966e+00	-6.467034e-03
-8.720000000000001e+00	-2.262917e+00	-6.457083e-03
-8.710000000000001e+00	-2.262868e+00	-6.447132e-03
-8.699999999999999e+00	-2.262819e+00	-6.437181e-03
-8.690000000000000e+00	-2.262770e+00	-6.427230e-03
-8.680000000000000e+00	-2.262721e+00	-6.417279e-03
-8.670000000000000e+00	-2.262672e+00	-6.407328e-03
-8.660000000000000e+00	-2.262623e+00	-6.397377e-03
-8.650000000000000e+00	-2.262573e+00	-6.387427e-03
-8.640000000000001e+00	-2.262524e+00	-6.377476e-03
-8.629999999999999e+00	-2.262475e+00	-6.367525e-03
-8.619999999999999e+00	-2.262425e+00	-6.357575e-03
-8.609999999999999e+00	-2.262376e+00	-6.347624e-03
-8.600000000000000e+00	-2.262326e+00	-6.337674e-03
-8.590000000000000e+00	-2.262277e+00	-6.327724e-03
-8.580000000000000e+00	-2.262227e+00	-6.317773e-03
-8.570000000000000e+00	-2.262177e+00	-6.307823e-03
-8.560000000000000e+00	-2.262127e+00	-6.297873e-03
-8.550000000000001e+00	-2.262077e+00	-6.287923e-03
-8.539999999999999e+00	-2.262028e+00	-6.277972e-03
-8.529999999999999e+00	-2.261977e+00	-6.268023e-03
-8.520000000000000e+00	-2.261927e+00	-6.258073e-03
-8.510000000000000e+00	-2.261877e+00	-6.248123e-03
-8.500000000000000e+00	-2.261827e+00	-6.238173e-03
-8.490000000000000e+00	-2.261777e+00	-6.228223e-03
-8.480000000000000e+00	-2.261726e+00	-6.218274e-03
-8.470000000000001e+00	-2.261676e+00	-6.208324e-03
-8.460000000000001e+00	-2.261626e+00	-6.198375e-03
-8.449999999999999e+00	-2.261575e+00	-6.188425e-03
-8.440000000000000e+00	-2.261524e+00	-6.178475e-03
-8.430000000000000e+00	-2.261474e+00	-6.168526e-03
-8.420000000000000e+00	-2.261423e+00	-6.158577e-03
-8.410000000000000e+00	-2.261372e+00	-6.148628e-03
-8.400000000000000e+00	-2.261321e+00	-6.138679e-03
-8.390000000000001e+00	-2.261270e+00	-6.128730e-03
-8.379999999999999e+00	-2.261220e+00	-6.118780e-03
-8.369999999999999e+00	-2.261168e+00	-6.108832e-03
-8.359999999999999e+00	-2.261117e+00	-6.098883e-03
-8.350000000000000e+00	-2.261066e+00	-6.088934e-03
-8.340000000000000e+00	-2.261015e+00	-6.078985e-03
-8.330000000000000e+00	-2.260963e+00	-6.069037e-03
-8.320000000000000e+00	-2.260912e+00	-6.059088e-03
-8.310000000000000e+00	-2.260861e+00	-6.049139e-03
-8.300000000000001e+00	-2.260809e+00	-6.039191e-03
-8.289999999999999e+00	-2.260757e+00	-6.029243e-03
-8.279999999999999e+00	-2.260706e+00	-6.019294e-03
-8.270000000000000e+00	-2.260654e+00	-6.009346e-03
-8.260000000000000e+00	-2.260602e+00	-5.999398e-03
-8.250000000000000e+00	-2.260550e+00	-5.989450e-03
-8.240000000000000e+00	-2.260499e+00	-5.979502e-03
-8.230000000000000e+00	-2.260446e+00	-5.969554e-03
-8.220000000000001e+00	-2.260394e+00	-5.959606e-03
-8.210000000000001e+00	-2.260342e+00	-5.949658e-03
-8.199999999999999e+00	-2.260290e+00	-5.939710e-03
-8.190000000000000e+00	-2.260238e+00	-5.929762e-03
-8.180000000000000e+00	-2.260185e+00	-5.919815e-03
-8.170000000000000e+00	-2.260133e+00	-5.909867e-03
-8.160000000000000e+00	-2.260080e+00	-5.899920e-03
-8.150000000000000e+00	-2.260028e+00	-5.889972e-03
-8.140000000000001e+00	-2.259975e+00	-5.880025e-03
-8.129999999999999e+00	-2.259923e+00	-5.870078e-03
-8.119999999999999e+00	-2.259870e+00	-5.860130e-03
-8.109999999999999e+00	-2.259817e+00	-5.850183e-03
-8.100000000000000e+00	-2.259764e+00	-5.840236e-03
-8.090000000000000e+00	-2.259711e+00	-5.830289e-03
-8.080000000000000e+00	-2.259658e+00	-5.820342e-03
-8.070000000000000e+00	-2.259605e+00	-5.810395e-03
-8.060000000000000e+00	-2.259551e+00	-5.800449e-03
-8.050000000000001e+00	-2.259498e+00	-5.790502e-03
-8.039999999999999e+00	-2.259445e+00	-5.780555e-03
-8.029999999999999e+00	-2.259391e+00	-5.770609e-03
-8.020000000000000e+00	-2.259338e+00	-5.760662e-03
-8.010000000000000e+00	-2.259284e+00	-5.750716e-03
-8.000000000000000e+00	-2.259230e+00	-5.740770e-03
-7.990000000000000e+00	-2.259177e+00	-5.730823e-03
-7.980000000000000e+00	-2.259123e+00	-5.720877e-03
-7.970000000000000e+00	-2.259069e+00	-5.710931e-03
-7.960000000000000e+00	-2.259015e+00	-5.700985e-03
-7.950000000000000e+00	-2.258961e+00	-5.691039e-03
-7.940000000000000e+00	-2.258907e+00	-5.681093e-03
-7.930000000000000e+00	-2.258852e+00	-5.671147e-03
-7.920000000000000e+00	-2.258798e+00	-5.661202e-03
-7.910000000000000e+00	-2.258744e+00	-5.651256e-03
-7.900000000000000e+00	-2.258689e+00	-5.641310e-03
-7.890000000000001e+00	-2.258635e+00	-5.631365e-03
-7.880000000000000e+00	-2.258580e+00	-5.621420e-03
-7.870000000000000e+00	-2.258526e+00	-5.611474e-03
-7.859999999999999e+00	-2.258471e+00	-5.601529e-03
-7.850000000000000e+00	-2.258416e+00	-5.591584e-03
-7.840000000000000e+00	-2.258361e+00	-5.581639e-03
-7.830000000000000e+00	-2.258306e+00	-5.571694e-03
-7.820000000000000e+00	-2.258251e+00	-5.561749e-03
-7.810000000000000e+00	-2.258196e+00	-5.551804e-03
-7.800000000000000e+00	-2.258141e+00	-5.541859e-03
-7.790000000000000e+00	-2.258085e+00	-5.531915e-03
-7.779999999999999e+00	-2.258030e+00	-5.521970e-03
-7.770000000000000e+00	-2.257974e+00	-5.512026e-03
-7.760000000000000e+00	-2.257919e+00	-5.502081e-03
-7.750000000000000e+00	-2.257863e+00	-5.492137e-03
-7.740000000000000e+00	-2.257807e+00	-5.482193e-03
-7.730000000000000e+00	-2.257752e+00	-5.472248e-03
-7.720000000000000e+00	-2.257696e+00	-5.462304e-03
-7.710000000000000e+00	-2.257640e+00	-5.452360e-03
-7.699999999999999e+00	-2.257584e+00	-5.442416e-03
-7.690000000000000e+00	-2.257528e+00	-5.432472e-03
-7.680000000000000e+00	-2.257472e+00	-5.422528e-03
-7.670000000000000e+00	-2.257415e+00	-5.412585e-03
-7.660000000000000e+00	-2.257359e+00	-5.402641e-03
-7.650000000000000e+00	-2.257302e+00	-5.392698e-03
-7.640000000000001e+00	-2.257246e+00	-5.382754e-03
-7.630000000000000e+00	-2.257189e+00	-5.372811e-03
-7.620000000000000e+00	-2.257132e+00	-5.362868e-03
-7.609999999999999e+00	-2.257076e+00	-5.352925e-03
-7.600000000000000e+00	-2.257019e+00	-5.342981e-03
-7.590000000000000e+00	-2.256962e+00	-5.333039e-03
-7.580000000000000e+00	-2.256905e+00	-5.323096e-03
-7.570000000000000e+00	-2.256847e+00	-5.313153e-03
-7.560000000000000e+00	-2.256790e+00	-5.303210e-03
-7.550000000000000e+00	-2.256733e+00	-5.293267e-03
-7.540000000000000e+00	-2.256675e+00	-5.283325e-03
-7.529999999999999e+00	-2.256618e+00	-5.273382e-03
-7.520000000000000e+00	-2.256560e+00	-5.263440e-03
-7.510000000000000e+00	-2.256502e+00	-5.253498e-03
-7.500000000000000e+00	-2.256445e+00	-5.243555e-03
-7.490000000000000e+00	-2.256387e+00	-5.233613e-03
-7.480000000000000e+00	-2.256329e+00	-5.223671e-03
-7.470000000000000e+00	-2.256271e+00	-5.213729e-03
-7.460000000000000e+00	-2.256212e+00	-5.203787e-03
-7.449999999999999e+00	-2.256154e+00	-5.193846e-03
-7.440000000000000e+00	-2.256096e+00	-5.183904e-03
-7.430000000000000e+00	-2.256037e+00	-5.173963e-03
-7.420000000000000e+00	-2.255979e+00	-5.164021e-03
-7.410000000000000e+00	-2.255920e+00	-5.154080e-03
-7.400000000000000e+00	-2.255862e+00	-5.144138e-03
-7.390000000000001e+00	-2.255803e+00	-5.134197e-03
-7.380000000000000e+00	-2.255744e+00	-5.124256e-03
-7.370000000000000e+00	-2.255685e+00	-5.114315e-03
-7.359999999999999e+00	-2.255626e+00	-5.104374e-03
-7.350000000000000e+00	-2.255567e+00	-5.094433e-03
-7.340000000000000e+00	-2.255507e+00	-5.084493e-03
-7.330000000000000e+00	-2.255448e+00	-5.074552e-03
-7.320000000000000e+00	-2.255388e+00	-5.064611e-03
-7.310000000000000e+00	-2.255329e+00	-5.054671e-03
-7.300000000000000e+00	-2.255269e+00	-5.044731e-03
-7.290000000000000e+00	-2.255209e+00	-5.034790e-03
-7.279999999999999e+00	-2.255150e+00	-5.024850e-03
-7.270000000000000e+00	-2.255090e+00	-5.014910e-03
-7.260000000000000e+00	-2.255030e+00	-5.004970e-03
-7.250000000000000e+00	-2.254969e+00	-4.995030e-03
-7.240000000000000e+00	-2.254909e+00	-4.985091e-03
-7.230000000000000e+00	-2.254849e+00	-4.975151e-03
-7.220000000000000e+00	-2.254788e+00	-4.965212e-03
-7.210000000000000e+00	-2.254728e+00	-4.955272e-03
-7.199999999999999e+00	-2.254667e+00	-4.945333e-03
-7.190000000000000e+00	-2.254606e+00	-4.935394e-03
-7.180000000000000e+00	-2.254545e+00	-4.925455e-03
-7.170000000000000e+00	-2.254485e+00	-4.915515e-03
-7.160000000000000e+00	-2.254423e+00	-4.905576e-03
-7.150000000000000e+00	-2.254362e+00	-4.895638e-03
-7.140000000000001e+00	-2.254301e+00	-4.885699e-03
-7.130000000000000e+00	-2.254240e+00	-4.875761e-03
-7.120000000000000e+00	-2.254178e+00	-4.865822e-03
-7.109999999999999e+00	-2.254117e+00	-4.855883e-03
-7.100000000000000e+00	-2.254055e+00	-4.845945e-03
-7.090000000000000e+00	-2.253993e+00	-4.836007e-03
-7.080000000000000e+00	-2.253931e+00	-4.826069e-03
-7.070000000000000e+00	-2.253869e+00	-4.816131e-03
-7.060000000000000e+00	-2.253807e+00	-4.806193e-03
-7.050000000000000e+00	-2.253745e+00	-4.796255e-03
-7.040000000000000e+00	-2.253683e+00	-4.786318e-03
-7.029999999999999e+00	-2.253620e+00	-4.776380e-03
-7.020000000000000e+00	-2.253557e+00	-4.766442e-03
-7.010000000000000e+00	-2.253495e+00	-4.756505e-03
-7.000000000000000e+00	-2.253432e+00	-4.746568e-03
-6.990000000000000e+00	-2.253369e+00	-4.736631e-03
-6.980000000000000e+00	-2.253306e+00	-4.726694e-03
-6.970000000000000e+00	-2.253243e+00	-4.716757e-03
-6.960000000000000e+00	-2.253180e+00	-4.706820e-03
-6.949999999999999e+00	-2.253117e+00	-4.696883e-03
-6.940000000000000e+00	-2.253053e+00	-4.686947e-03
-6.930000000000000e+00	-2.252990e+00	-4.677010e-03
-6.920000000000000e+00	-2.252926e+00	-4.667074e-03
-6.910000000000000e+00	-2.252862e+00	-4.657138e-03
-6.900000000000000e+00	-2.252798e+00	-4.647202e-03
-6.890000000000001e+00	-2.252734e+00	-4.637266e-03
-6.880000000000000e+00	-2.252670e+00	-4.627330e-03
-6.870000000000000e+00	-2.252606e+00	-4.617394e-03
-6.859999999999999e+00	-2.252542e+00	-4.607459e-03
-6.850000000000000e+00	-2.252477e+00	-4.597523e-03
-6.840000000000000e+00	-2.252413e+00	-4.587587e-03
-6.830000000000000e+00	-2.252348e+00	-4.577652e-03
-6.820000000000000e+00	-2.252283e+00	-4.567717e-03
-6.810000000000000e+00	-2.252218e+00	-4.557782e-03
-6.800000000000000e+00	-2.252153e+00	-4.547847e-03
-6.790000000000000e+00	-2.252088e+00	-4.537912e-03
-6.779999999999999e+00	-2.252023e+00	-4.527978e-03
-6.770000000000000e+00	-2.251957e+00	-4.518043e-03
-6.760000000000000e+00	-2.251892e+00	-4.508108e-03
-6.750000000000000e+00	-2.251826e+00	-4.498174e-03
-6.740000000000000e+00	-2.251760e+00	-4.488240e-03
-6.730000000000000e+00	-2.251694e+00	-4.478306e-03
-6.720000000000000e+00	-2.251628e+00	-4.468372e-03
-6.710000000000000e+00	-2.251562e+00	-4.458438e-03
-6.699999999999999e+00	-2.251496e+00	-4.448504e-03
-6.690000000000000e+00	-2.251429e+00	-4.438571e-03
-6.680000000000000e+00	-2.251363e+00	-4.428637e-03
-6.670000000000000e+00	-2.251296e+00	-4.418704e-03
-6.660000000000000e+00	-2.251229e+00	-4.408771e-03
-6.650000000000000e+00	-2.251162e+00	-4.398838e-03
-6.640000000000001e+00	-2.251095e+00	-4.388905e-03
-6.630000000000000e+00	-2.251028e+00	-4.378972e-03
-6.620000000000000e+00	-2.250961e+00	-4.369039e-03
-6.609999999999999e+00	-2.250893e+00	-4.359107e-03
-6.600000000000000e+00	-2.250826e+00	-4.349174e-03
-6.590000000000000e+00	-2.250758e+00	-4.339242e-03
-6.580000000000000e+00	-2.250690e+00	-4.329310e-03
-6.570000000000000e+00	-2.250623e+00	-4.319378e-03
-6.560000000000000e+00	-2.250554e+00	-4.309446e-03
-6.550000000000000e+00	-2.250486e+00	-4.299514e-03
-6.540000000000000e+00	-2.250418e+00	-4.289582e-03
-6.529999999999999e+00	-2.250349e+00	-4.279651e-03
-6.520000000000000e+00	-2.250281e+00	-4.269720e-03
-6.510000000000000e+00	-2.250212e+00	-4.259788e-03
-6.500000000000000e+00	-2.250143e+00	-4.249857e-03
-6.490000000000000e+00	-2.250074e+00	-4.239926e-03
-6.480000000000000e+00	-2.250005e+00	-4.229995e-03
-6.470000000000000e+00	-2.249935e+00	-4.220065e-03
-6.460000000000000e+00	-2.249866e+00	-4.210134e-03
-6.449999999999999e+00	-2.249796e+00	-4.200203e-03
-6.440000000000000e+00	-2.249727e+00	-4.190273e-03
-6.430000000000000e+00	-2.249657e+00	-4.180343e-03
-6.420000000000000e+00	-2.249587e+00	-4.170413e-03
-6.410000000000000e+00	-2.249517e+00	-4.160483e-03
-6.400000000000000e+00	-2.249446e+00	-4.150554e-03
-6.390000000000001e+00	-2.249376e+00	-4.140624e-03
-6.380000000000000e+00	-2.249305e+00	-4.130695e-03
-6.370000000000000e+00	-2.249235e+00	-4.120765e-03
-6.359999999999999e+00	-2.249164e+00	-4.110836e-03
-6.350000000000000e+00	-2.249093e+00	-4.100907e-03
-6.340000000000000e+00	-2.249022e+00	-4.090978e-03
-6.330000000000000e+00	-2.248950e+00	-4.081050e-03
-6.320000000000000e+00	-2.248879e+00	-4.071121e-03
-6.310000000000000e+00	-2.248807e+00	-4.061193e-03
-6.300000000000000e+00	-2.248735e+00	-4.051264e-03
-6.290000000000000e+00	-2.248663e+00	-4.041336e-03
-6.279999999999999e+00	-2.248591e+00	-4.031409e-03
-6.270000000000000e+00	-2.248519e+00	-4.021481e-03
-6.260000000000000e+00	-2.248447e+00	-4.011553e-03
-6.250000000000000e+00	-2.248374e+00	-4.001626e-03
-6.240000000000000e+00	-2.248302e+00	-3.991698e-03
-6.230000000000000e+00	-2.248229e+00	-3.981771e-03
-6.220000000000000e+00	-2.248156e+00	-3.971844e-03
-6.210000000000000e+00	-2.248083e+00	-3.961917e-03
-6.199999999999999e+00	-2.248009e+00	-3.951991e-03
-6.190000000000000e+00	-2.247936e+00	-3.942064e-03
-6.180000000000000e+00	-2.247862e+00	-3.932138e-03
-6.170000000000000e+00	-2.247788e+00	-3.922211e-03
-6.160000000000000e+00	-2.247715e+00	-3.912285e-03
-6.150000000000000e+00	-2.247641e+00	-3.902359e-03
-6.140000000000001e+00	-2.247566e+00	-3.892434e-03
-6.130000000000000e+00	-2.247492e+00	-3.882508e-03
-6.120000000000000e+00	-2.247417e+00	-3.872583e-03
-6.109999999999999e+00	-2.247342e+00	-3.862658e-03
-6.100000000000000e+00	-2.247267e+00	-3.852732e-03
-6.090000000000000e+00	-2.247192e+00	-3.842808e-03
-6.080000000000000e+00	-2.247117e+00	-3.832883e-03
-6.070000000000000e+00	-2.247042e+00	-3.822958e-03
-6.060000000000000e+00	-2.246966e+00	-3.813034e-03
-6.050000000000000e+00	-2.246891e+00	-3.803110e-03
-6.040000000000000e+00	-2.246814e+00	-3.793186e-03
-6.029999999999999e+00	-2.246738e+00	-3.783262e-03
-6.020000000000000e+00	-2.246662e+00	-3.773338e-03
-6.010000000000000e+00	-2.246586e+00	-3.763414e-03
-6.000000000000000e+00	-2.246509e+00	-3.753491e-03
-5.990000000000000e+00	-2.246432e+00	-3.743568e-03
-5.980000000000000e+00	-2.246355e+00	-3.733645e-03
-5.970000000000000e+00	-2.246278e+00	-3.723722e-03
-5.960000000000000e+00	-2.246201e+00	-3.713799e-03
-5.950000000000000e+00	-2.246123e+00	-3.703877e-03
-5.940000000000000e+00	-2.246046e+00	-3.693954e-03
-5.930000000000000e+00	-2.245968e+00	-3.684032e-03
-5.920000000000000e+00	-2.245890e+00	-3.674110e-03
-5.910000000000000e+00	-2.245811e+00	-3.664189e-03
-5.900000000000000e+00	-2.245733e+00	-3.654267e-03
-5.890000000000000e+00	-2.245654e+00	-3.644346e-03
-5.880000000000000e+00	-2.245576e+00	-3.634424e-03
-5.870000000000000e+00	-2.245497e+00	-3.624503e-03
-5.860000000000000e+00	-2.245418e+00	-3.614583e-03
-5.850000000000000e+00	-2.245338e+00	-3.604662e-03
-5.840000000000000e+00	-2.245259e+00	-3.594741e-03
-5.830000000000000e+00	-2.245179e+00	-3.584821e-03
-5.820000000000000e+00	-2.245099e+00	-3.574901e-03
-5.810000000000000e+00	-2.245019e+00	-3.564981e-03
-5.800000000000000e+00	-2.244939e+00	-3.555062e-03
-5.790000000000000e+00	-2.244858e+00	-3.545142e-03
-5.780000000000000e+00	-2.244777e+00	-3.535223e-03
-5.770000000000000e+00	-2.244696e+00	-3.525304e-03
-5.760000000000000e+00	-2.244615e+00	-3.515385e-03
-5.750000000000000e+00	-2.244534e+00	-3.505466e-03
-5.740000000000000e+00	-2.244452e+00	-3.495547e-03
-5.730000000000000e+00	-2.244371e+00	-3.485629e-03
-5.720000000000000e+00	-2.244289e+00	-3.475711e-03
-5.710000000000000e+00	-2.244207e+00	-3.465793e-03
-5.700000000000000e+00	-2.244124e+00	-3.455875e-03
-5.690000000000000e+00	-2.244042e+00	-3.445958e-03
-5.680000000000000e+00	-2.243959e+00	-3.436041e-03
-5.670000000000000e+00	-2.243876e+00	-3.426124e-03
-5.660000000000000e+00	-2.243793e+00	-3.416207e-03
-5.649999999999999e+00	-2.243710e+00	-3.406290e-03
-5.640000000000000e+00	-2.243626e+00	-3.396374e-03
-5.630000000000000e+00	-2.243542e+00	-3.386457e-03
-5.620000000000000e+00	-2.243459e+00	-3.376541e-03
-5.610000000000000e+00	-2.243374e+00	-3.366626e-03
-5.600000000000000e+00	-2.243290e+00	-3.356710e-03
-5.590000000000000e+00	-2.243205e+00	-3.346795e-03
-5.580000000000000e+00	-2.243120e+00	-3.336880e-03
-5.570000000000000e+00	-2.243035e+00	-3.326965e-03
-5.560000000000000e+00	-2.242950e+00	-3.317050e-03
-5.550000000000000e+00	-2.242864e+00	-3.307136e-03
-5.540000000000000e+00	-2.242779e+00	-3.297221e-03
-5.530000000000000e+00	-2.242693e+00	-3.287307e-03
-5.520000000000000e+00	-2.242606e+00	-3.277394e-03
-5.510000000000000e+00	-2.242520e+00	-3.267480e-03
-5.500000000000000e+00	-2.242433e+00	-3.257567e-03
-5.490000000000000e+00	-2.242346e+00	-3.247654e-03
-5.480000000000000e+00	-2.242259e+00	-3.237741e-03
-5.470000000000000e+00	-2.242172e+00	-3.227828e-03
-5.460000000000000e+00	-2.242084e+00	-3.217916e-03
-5.450000000000000e+00	-2.241997e+00	-3.208003e-03
-5.440000000000000e+00	-2.241908e+00	-3.198092e-03
-5.430000000000000e+00	-2.241820e+00	-3.188180e-03
-5.420000000000000e+00	-2.241731e+00	-3.178269e-03
-5.410000000000000e+00	-2.241643e+00	-3.168357e-03
-5.399999999999999e+00	-2.241554e+00	-3.158446e-03
-5.390000000000000e+00	-2.241464e+00	-3.148536e-03
-5.380000000000000e+00	-2.241375e+00	-3.138625e-03
-5.370000000000000e+00	-2.241285e+00	-3.128715e-03
-5.360000000000000e+00	-2.241195e+00	-3.118805e-03
-5.350000000000000e+00	-2.241105e+00	-3.108895e-03
-5.340000000000000e+00	-2.241014e+00	-3.098986e-03
-5.330000000000000e+00	-2.240923e+00	-3.089077e-03
-5.320000000000000e+00	-2.240832e+00	-3.079168e-03
-5.310000000000000e+00	-2.240741e+00	-3.069259e-03
-5.300000000000000e+00	-2.240649e+00	-3.059351e-03
-5.290000000000000e+00	-2.240557e+00	-3.049443e-03
-5.280000000000000e+00	-2.240465e+00	-3.039535e-03
-5.270000000000000e+00	-2.240373e+00	-3.029627e-03
-5.260000000000000e+00	-2.240280e+00	-3.019720e-03
-5.250000000000000e+00	-2.240187e+00	-3.009813e-03
-5.240000000000000e+00	-2.240094e+00	-2.999906e-03
-5.230000000000000e+00	-2.240000e+00	-2.989999e-03
-5.220000000000000e+00	-2.239907e+00	-2.980093e-03
-5.210000000000000e+00	-2.239813e+00	-2.970187e-03
-5.200000000000000e+00	-2.239718e+00	-2.960281e-03
-5.190000000000000e+00	-2.239624e+00	-2.950376e-03
-5.180000000000000e+00	-2.239529e+00	-2.940471e-03
-5.170000000000000e+00	-2.239434e+00	-2.930566e-03
-5.160000000000000e+00	-2.239338e+00	-2.920662e-03
-5.149999999999999e+00	-2.239243e+00	-2.910757e-03
-5.140000000000000e+00	-2.239147e+00	-2.900853e-03
-5.130000000000000e+00	-2.239050e+00	-2.890950e-03
-5.120000000000000e+00	-2.238954e+00	-2.881046e-03
-5.110000000000000e+00	-2.238857e+00	-2.871143e-03
-5.100000000000000e+00	-2.238760e+00	-2.861240e-03
-5.090000000000000e+00	-2.238662e+00	-2.851338e-03
-5.080000000000000e+00	-2.238564e+00	-2.841435e-03
-5.070000000000000e+00	-2.238467e+00	-2.831534e-03
-5.060000000000000e+00	-2.238368e+00	-2.821632e-03
-5.050000000000000e+00	-2.238269e+00	-2.811731e-03
-5.040000000000000e+00	-2.238170e+00	-2.801830e-03
-5.030000000000000e+00	-2.238071e+00	-2.791929e-03
-5.020000000000000e+00	-2.237971e+00	-2.782029e-03
-5.010000000000000e+00	-2.237871e+00	-2.772129e-03
-5.000000000000000e+00	-2.237771e+00	-2.762229e-03
-4.990000000000000e+00	-2.237670e+00	-2.752329e-03
-4.980000000000000e+00	-2.237570e+00	-2.742430e-03
-4.970000000000000e+00	-2.237468e+00	-2.732532e-03
-4.960000000000000e+00	-2.237367e+00	-2.722633e-03
-4.950000000000000e+00	-2.237265e+00	-2.712735e-03
-4.940000000000000e+00	-2.237163e+00	-2.702837e-03
-4.930000000000000e+00	-2.237060e+00	-2.692940e-03
-4.920000000000000e+00	-2.236957e+00	-2.683043e-03
-4.910000000000000e+00	-2.236854e+00	-2.673146e-03
-4.899999999999999e+00	-2.236750e+00	-2.663250e-03
-4.890000000000000e+00	-2.236646e+00	-2.653354e-03
-4.880000000000000e+00	-2.236542e+00	-2.643458e-03
-4.870000000000000e+00	-2.236437e+00	-2.633563e-03
-4.860000000000000e+00	-2.236332e+00	-2.623667e-03
-4.850000000000000e+00	-2.236227e+00	-2.613773e-03
-4.840000000000000e+00	-2.236121e+00	-2.603879e-03
-4.830000000000000e+00	-2.236015e+00	-2.593985e-03
-4.820000000000000e+00	-2.235909e+00	-2.584091e-03
-4.810000000000000e+00	-2.235802e+00	-2.574198e-03
-4.800000000000000e+00	-2.235695e+00	-2.564305e-03
-4.790000000000000e+00	-2.235587e+00	-2.554413e-03
-4.780000000000000e+00	-2.235479e+00	-2.544521e-03
-4.770000000000000e+00	-2.235371e+00	-2.534629e-03
-4.760000000000000e+00	-2.235262e+00	-2.524738e-03
-4.750000000000000e+00	-2.235153e+00	-2.514847e-03
-4.740000000000000e+00	-2.235044e+00	-2.504956e-03
-4.730000000000000e+00	-2.234934e+00	-2.495066e-03
-4.720000000000000e+00	-2.234824e+00	-2.485176e-03
-4.710000000000000e+00	-2.234713e+00	-2.475287e-03
-4.700000000000000e+00	-2.234602e+00	-2.465398e-03
-4.690000000000000e+00	-2.234491e+00	-2.455509e-03
-4.680000000000000e+00	-2.234379e+00	-2.445621e-03
-4.670000000000000e+00	-2.234267e+00	-2.435733e-03
-4.660000000000000e+00	-2.234154e+00	-2.425846e-03
-4.649999999999999e+00	-2.234041e+00	-2.415959e-03
-4.640000000000000e+00	-2.233928e+00	-2.406072e-03
-4.630000000000000e+00	-2.233814e+00	-2.396186e-03
-4.620000000000000e+00	-2.233699e+00	-2.386301e-03
-4.610000000000000e+00	-2.233585e+00	-2.376415e-03
-4.600000000000000e+00	-2.233469e+00	-2.366530e-03
-4.590000000000000e+00	-2.233354e+00	-2.356646e-03
-4.580000000000000e+00	-2.233238e+00	-2.346762e-03
-4.570000000000000e+00	-2.233121e+00	-2.336879e-03
-4.560000000000000e+00	-2.233004e+00	-2.326996e-03
-4.550000000000000e+00	-2.232887e+00	-2.317113e-03
-4.540000000000000e+00	-2.232769e+00	-2.307231e-03
-4.530000000000000e+00	-2.232651e+00	-2.297349e-03
-4.520000000000000e+00	-2.232532e+00	-2.287468e-03
-4.510000000000000e+00	-2.232413e+00	-2.277587e-03
-4.500000000000000e+00	-2.232293e+00	-2.267707e-03
-4.490000000000000e+00	-2.232173e+00	-2.257827e-03
-4.480000000000000e+00	-2.232052e+00	-2.247948e-03
-4.470000000000000e+00	-2.231931e+00	-2.238069e-03
-4.460000000000000e+00	-2.231809e+00	-2.228191e-03
-4.450000000000000e+00	-2.231687e+00	-2.218313e-03
-4.440000000000000e+00	-2.231565e+00	-2.208435e-03
-4.430000000000000e+00	-2.231441e+00	-2.198558e-03
-4.420000000000000e+00	-2.231318e+00	-2.188682e-03
-4.410000000000000e+00	-2.231194e+00	-2.178806e-03
-4.399999999999999e+00	-2.231069e+00	-2.168931e-03
-4.390000000000000e+00	-2.230944e+00	-2.159056e-03
-4.380000000000000e+00	-2.230818e+00	-2.149182e-03
-4.370000000000000e+00	-2.230692e+00	-2.139308e-03
-4.360000000000000e+00	-2.230566e+00	-2.129435e-03
-4.350000000000000e+00	-2.230438e+00	-2.119562e-03
-4.340000000000000e+00	-2.230310e+00	-2.109690e-03
-4.330000000000000e+00	-2.230182e+00	-2.099818e-03
-4.320000000000000e+00	-2.230053e+00	-2.089947e-03
-4.310000000000000e+00	-2.229924e+00	-2.080076e-03
-4.300000000000000e+00	-2.229794e+00	-2.070206e-03
-4.290000000000000e+00	-2.229663e+00	-2.060337e-03
-4.280000000000000e+00	-2.229532e+00	-2.050468e-03
-4.270000000000000e+00	-2.229400e+00	-2.040600e-03
-4.260000000000000e+00	-2.229268e+00	-2.030732e-03
-4.250000000000000e+00	-2.229135e+00	-2.020865e-03
-4.240000000000000e+00	-2.229001e+00	-2.010999e-03
-4.230000000000000e+00	-2.228867e+00	-2.001133e-03
-4.220000000000000e+00	-2.228733e+00	-1.991268e-03
-4.210000000000000e+00	-2.228597e+00	-1.981403e-03
-4.200000000000000e+00	-2.228461e+00	-1.971539e-03
-4.190000000000000e+00	-2.228325e+00	-1.961675e-03
-4.180000000000000e+00	-2.228188e+00	-1.951813e-03
-4.170000000000000e+00	-2.228050e+00	-1.941950e-03
-4.160000000000000e+00	-2.227911e+00	-1.932089e-03
-4.149999999999999e+00	-2.227772e+00	-1.922228e-03
-4.140000000000000e+00	-2.227632e+00	-1.912368e-03
-4.130000000000000e+00	-2.227492e+00	-1.902508e-03
-4.120000000000000e+00	-2.227351e+00	-1.892649e-03
-4.110000000000000e+00	-2.227209e+00	-1.882791e-03
-4.100000000000000e+00	-2.227067e+00	-1.872934e-03
-4.090000000000000e+00	-2.226923e+00	-1.863077e-03
-4.080000000000000e+00	-2.226779e+00	-1.853221e-03
-4.070000000000000e+00	-2.226635e+00	-1.843365e-03
-4.060000000000000e+00	-2.226490e+00	-1.833510e-03
-4.050000000000000e+00	-2.226344e+00	-1.823656e-03
-4.040000000000000e+00	-2.226197e+00	-1.813803e-03
-4.030000000000000e+00	-2.226049e+00	-1.803951e-03
-4.020000000000000e+00	-2.225901e+00	-1.794099e-03
-4.010000000000000e+00	-2.225752e+00	-1.784248e-03
-4.000000000000000e+00	-2.225603e+00	-1.774397e-03
-3.990000000000000e+00	-2.225452e+00	-1.764548e-03
-3.980000000000000e+00	-2.225301e+00	-1.754699e-03
-3.970000000000000e+00	-2.225149e+00	-1.744851e-03
-3.960000000000000e+00	-2.224996e+00	-1.735004e-03
-3.950000000000000e+00	-2.224842e+00	-1.725158e-03
-3.940000000000000e+00	-2.224688e+00	-1.715312e-03
-3.930000000000000e+00	-2.224533e+00	-1.705467e-03
-3.920000000000000e+00	-2.224377e+00	-1.695623e-03
-3.910000000000000e+00	-2.224220e+00	-1.685780e-03
-3.899999999999999e+00	-2.224062e+00	-1.675938e-03
-3.890000000000000e+00	-2.223903e+00	-1.666097e-03
-3.880000000000000e+00	-2.223744e+00	-1.656256e-03
-3.870000000000000e+00	-2.223583e+00	-1.646417e-03
-3.859999999999999e+00	-2.223422e+00	-1.636578e-03
-3.850000000000000e+00	-2.223260e+00	-1.626740e-03
-3.840000000000000e+00	-2.223097e+00	-1.616903e-03
-3.830000000000000e+00	-2.222933e+00	-1.607067e-03
-3.820000000000000e+00	-2.222768e+00	-1.597232e-03
-3.810000000000000e+00	-2.222602e+00	-1.587398e-03
-3.800000000000000e+00	-2.222435e+00	-1.577565e-03
-3.790000000000000e+00	-2.222268e+00	-1.567732e-03
-3.780000000000000e+00	-2.222099e+00	-1.557901e-03
-3.770000000000000e+00	-2.221929e+00	-1.548071e-03
-3.760000000000000e+00	-2.221758e+00	-1.538242e-03
-3.750000000000000e+00	-2.221586e+00	-1.528414e-03
-3.740000000000000e+00	-2.221414e+00	-1.518586e-03
-3.730000000000000e+00	-2.221240e+00	-1.508760e-03
-3.720000000000000e+00	-2.221065e+00	-1.498935e-03
-3.710000000000000e+00	-2.220889e+00	-1.489111e-03
-3.700000000000000e+00	-2.220712e+00	-1.479288e-03
-3.690000000000000e+00	-2.220534e+00	-1.469466e-03
-3.680000000000000e+00	-2.220355e+00	-1.459645e-03
-3.670000000000000e+00	-2.220174e+00	-1.449826e-03
-3.660000000000000e+00	-2.219993e+00	-1.440007e-03
-3.649999999999999e+00	-2.219810e+00	-1.430190e-03
-3.640000000000000e+00	-2.219626e+00	-1.420374e-03
-3.630000000000000e+00	-2.219441e+00	-1.410559e-03
-3.620000000000000e+00	-2.219255e+00	-1.400745e-03
-3.609999999999999e+00	-2.219068e+00	-1.390932e-03
-3.600000000000000e+00	-2.218879e+00	-1.381121e-03
-3.590000000000000e+00	-2.218689e+00	-1.371311e-03
-3.580000000000000e+00	-2.218498e+00	-1.361502e-03
-3.570000000000000e+00	-2.218306e+00	-1.351694e-03
-3.560000000000000e+00	-2.218112e+00	-1.341888e-03
-3.550000000000000e+00	-2.217917e+00	-1.332083e-03
-3.540000000000000e+00	-2.217721e+00	-1.322280e-03
-3.530000000000000e+00	-2.217523e+00	-1.312477e-03
-3.520000000000000e+00	-2.217324e+00	-1.302677e-03
-3.510000000000000e+00	-2.217123e+00	-1.292877e-03
-3.500000000000000e+00	-2.216921e+00	-1.283079e-03
-3.490000000000000e+00	-2.216717e+00	-1.273282e-03
-3.480000000000000e+00	-2.216513e+00	-1.263487e-03
-3.470000000000000e+00	-2.216306e+00	-1.253694e-03
-3.460000000000000e+00	-2.216098e+00	-1.243902e-03
-3.450000000000000e+00	-2.215889e+00	-1.234111e-03
-3.440000000000000e+00	-2.215678e+00	-1.224322e-03
-3.430000000000000e+00	-2.215465e+00	-1.214535e-03
-3.420000000000000e+00	-2.215251e+00	-1.204749e-03
-3.410000000000000e+00	-2.215035e+00	-1.194965e-03
-3.399999999999999e+00	-2.214818e+00	-1.185182e-03
-3.390000000000000e+00	-2.214599e+00	-1.175401e-03
-3.380000000000000e+00	-2.214378e+00	-1.165622e-03
-3.370000000000000e+00	-2.214155e+00	-1.155845e-03
-3.359999999999999e+00	-2.213931e+00	-1.146069e-03
-3.350000000000000e+00	-2.213705e+00	-1.136295e-03
-3.340000000000000e+00	-2.213477e+00	-1.126523e-03
-3.330000000000000e+00	-2.213247e+00	-1.116753e-03
-3.320000000000000e+00	-2.213015e+00	-1.106985e-03
-3.310000000000000e+00	-2.212782e+00	-1.097218e-03
-3.300000000000000e+00	-2.212546e+00	-1.087454e-03
-3.290000000000000e+00	-2.212309e+00	-1.077691e-03
-3.280000000000000e+00	-2.212069e+00	-1.067931e-03
-3.270000000000000e+00	-2.211827e+00	-1.058173e-03
-3.260000000000000e+00	-2.211583e+00	-1.048416e-03
-3.250000000000000e+00	-2.211338e+00	-1.038662e-03
-3.240000000000000e+00	-2.211090e+00	-1.028911e-03
-3.230000000000000e+00	-2.210839e+00	-1.019161e-03
-3.220000000000000e+00	-2.210587e+00	-1.009413e-03
-3.210000000000000e+00	-2.210332e+00	-9.996681e-04
-3.200000000000000e+00	-2.210075e+00	-9.899253e-04
-3.190000000000000e+00	-2.209815e+00	-9.801849e-04
-3.180000000000000e+00	-2.209553e+00	-9.704469e-04
-3.170000000000000e+00	-2.209289e+00	-9.607113e-04
-3.160000000000000e+00	-2.209022e+00	-9.509783e-04
-3.149999999999999e+00	-2.208752e+00	-9.412479e-04
-3.140000000000000e+00	-2.208480e+00	-9.315201e-04
-3.130000000000000e+00	-2.208205e+00	-9.217950e-04
-3.120000000000000e+00	-2.207927e+00	-9.120725e-04
-3.109999999999999e+00	-2.207647e+00	-9.023530e-04
-3.100000000000000e+00	-2.207364e+00	-8.926362e-04
-3.090000000000000e+00	-2.207078e+00	-8.829224e-04
-3.080000000000000e+00	-2.206789e+00	-8.732115e-04
-3.070000000000000e+00	-2.206496e+00	-8.635036e-04
-3.060000000000000e+00	-2.206201e+00	-8.537989e-04
-3.050000000000000e+00	-2.205903e+00	-8.440973e-04
-3.040000000000000e+00	-2.205601e+00	-8.343990e-04
-3.030000000000000e+00	-2.205296e+00	-8.247040e-04
-3.020000000000000e+00	-2.204988e+00	-8.150123e-04
-3.010000000000000e+00	-2.204676e+00	-8.053241e-04
-3.000000000000000e+00	-2.204360e+00	-7.956394e-04
-2.990000000000000e+00	-2.204041e+00	-7.859584e-04
-2.980000000000000e+00	-2.203719e+00	-7.762811e-04
-2.970000000000000e+00	-2.203393e+00	-7.666076e-04
-2.960000000000000e+00	-2.203062e+00	-7.569380e-04
-2.950000000000000e+00	-2.202728e+00	-7.472723e-04
-2.940000000000000e+00	-2.202389e+00	-7.376107e-04
-2.930000000000000e+00	-2.202047e+00	-7.279534e-04
-2.920000000000000e+00	-2.201700e+00	-7.183003e-04
-2.910000000000000e+00	-2.201348e+00	-7.086516e-04
-2.899999999999999e+00	-2.200993e+00	-6.990075e-04
-2.890000000000000e+00	-2.200632e+00	-6.893679e-04
-2.880000000000000e+00	-2.200267e+00	-6.797332e-04
-2.870000000000000e+00	-2.199897e+00	-6.701033e-04
-2.859999999999999e+00	-2.199522e+00	-6.604784e-04
-2.850000000000000e+00	-2.199141e+00	-6.508587e-04
-2.840000000000000e+00	-2.198756e+00	-6.412443e-04
-2.830000000000000e+00	-2.198364e+00	-6.316354e-04
-2.820000000000000e+00	-2.197968e+00	-6.220321e-04
-2.810000000000000e+00	-2.197565e+00	-6.124346e-04
-2.800000000000000e+00	-2.197157e+00	-6.028430e-04
-2.790000000000000e+00	-2.196743e+00	-5.932575e-04
-2.780000000000000e+00	-2.196321e+00	-5.836784e-04
-2.770000000000000e+00	-2.195894e+00	-5.741058e-04
-2.760000000000000e+00	-2.195460e+00	-5.645399e-04
-2.750000000000000e+00	-2.195019e+00	-5.549809e-04
-2.740000000000000e+00	-2.194571e+00	-5.454291e-04
-2.730000000000000e+00	-2.194115e+00	-5.358847e-04
-2.720000000000000e+00	-2.193652e+00	-5.263479e-04
-2.710000000000000e+00	-2.193181e+00	-5.168190e-04
-2.700000000000000e+00	-2.192702e+00	-5.072983e-04
-2.690000000000000e+00	-2.192214e+00	-4.977861e-04
-2.680000000000000e+00	-2.191717e+00	-4.882826e-04
-2.670000000000000e+00	-2.191212e+00	-4.787883e-04
-2.660000000000000e+00	-2.190697e+00	-4.693033e-04
-2.649999999999999e+00	-2.190172e+00	-4.598282e-04
-2.640000000000000e+00	-2.189637e+00	-4.503631e-04
-2.630000000000000e+00	-2.189091e+00	-4.409087e-04
-2.620000000000000e+00	-2.188535e+00	-4.314651e-04
-2.609999999999999e+00	-2.187967e+00	-4.220330e-04
-2.600000000000000e+00	-2.187387e+00	-4.126129e-04
-2.590000000000000e+00	-2.186795e+00	-4.032050e-04
-2.580000000000000e+00	-2.186190e+00	-3.938101e-04
-2.570000000000000e+00	-2.185571e+00	-3.844287e-04
-2.560000000000000e+00	-2.184939e+00	-3.750614e-04
-2.550000000000000e+00	-2.184291e+00	-3.657088e-04
-2.540000000000000e+00	-2.183628e+00	-3.563717e-04
-2.530000000000000e+00	-2.182949e+00	-3.470507e-04
-2.520000000000000e+00	-2.182253e+00	-3.377467e-04
-2.510000000000000e+00	-2.181540e+00	-3.284604e-04
-2.500000000000000e+00	-2.180807e+00	-3.191929e-04
-2.490000000000000e+00	-2.180055e+00	-3.099451e-04
-2.480000000000000e+00	-2.179282e+00	-3.007180e-04
-2.470000000000000e+00	-2.178487e+00	-2.915128e-04
-2.460000000000000e+00	-2.177669e+00	-2.823307e-04
-2.450000000000000e+00	-2.176827e+00	-2.731731e-04
-2.440000000000000e+00	-2.175959e+00	-2.640414e-04
-2.430000000000000e+00	-2.175063e+00	-2.549372e-04
-2.420000000000000e+00	-2.174138e+00	-2.458622e-04
-2.410000000000000e+00	-2.173182e+00	-2.368184e-04
-2.399999999999999e+00	-2.172192e+00	-2.278077e-04
-2.390000000000000e+00	-2.171168e+00	-2.188325e-04
-2.380000000000000e+00	-2.170105e+00	-2.098952e-04
-2.370000000000000e+00	-2.169001e+00	-2.009987e-04
-2.359999999999999e+00	-2.167854e+00	-1.921459e-04
-2.350000000000000e+00	-2.166660e+00	-1.833403e-04
-2.340000000000000e+00	-2.165414e+00	-1.745857e-04
-2.330000000000000e+00	-2.164114e+00	-1.658863e-04
-2.320000000000000e+00	-2.162753e+00	-1.572468e-04
-2.310000000000000e+00	-2.161327e+00	-1.486726e-04
-2.300000000000000e+00	-2.159830e+00	-1.401697e-04
-2.290000000000000e+00	-2.158255e+00	-1.317450e-04
-2.280000000000000e+00	-2.156594e+00	-1.234063e-04
-2.270000000000000e+00	-2.154838e+00	-1.151623e-04
-2.260000000000000e+00	-2.152977e+00	-1.070235e-04
-2.250000000000000e+00	-2.150999e+00	-9.900138e-05
-2.240000000000000e+00	-2.148890e+00	-9.110965e-05
-2.230000000000000e+00	-2.146636e+00	-8.336402e-05
-2.220000000000000e+00	-2.144217e+00	-7.578278e-05
-2.210000000000000e+00	-2.141613e+00	-6.838723e-05
-2.200000000000000e+00	-2.138798e+00	-6.120219e-05
-2.190000000000000e+00	-2.135743e+00	-5.425656e-05
-2.180000000000000e+00	-2.132416e+00	-4.758382e-05
-2.170000000000000e+00	-2.128778e+00	-4.122236e-05
-2.160000000000000e+00	-2.124784e+00	-3.521559e-05
-2.149999999999999e+00	-2.120389e+00	-2.961125e-05
-2.140000000000000e+00	-2.115540e+00	-2.445970e-05
-2.130000000000000e+00	-2.110189e+00	-1.981050e-05
-2.120000000000000e+00	-2.104293e+00	-1.570690e-05
-2.109999999999999e+00	-2.097821e+00	-1.217853e-05
-2.100000000000000e+00	-2.090766e+00	-9.233561e-06
-2.090000000000000e+00	-2.083147e+00	-6.853106e-06
-2.080000000000000e+00	-2.075009e+00	-4.990726e-06
-2.069999999999999e+00	-2.066422e+00	-3.578346e-06
-2.060000000000000e+00	-2.057463e+00	-2.536664e-06
-2.050000000000000e+00	-2.048214e+00	-1.786198e-06
-2.040000000000000e+00	-2.038744e+00	-1.255562e-06
-2.030000000000000e+00	-2.029114e+00	-8.856865e-07
-2.020000000000000e+00	-2.019369e+00	-6.305667e-07
-2.010000000000000e+00	-2.009544e+00	-4.559230e-07
-2.000000000000000e+00	-1.999663e+00	-3.370029e-07
-1.990000000000000e+00	-1.989744e+00	-2.563244e-07
-1.980000000000000e+00	-1.979798e+00	-2.017283e-07
-1.970000000000001e+00	-1.969835e+00	-1.648463e-07
-1.959999999999999e+00	-1.959860e+00	-1.399600e-07
-1.949999999999999e+00	-1.949877e+00	-1.231814e-07
-1.940000000000000e+00	-1.939888e+00	-1.118750e-07
-1.930000000000000e+00	-1.929896e+00	-1.042590e-07
-1.920000000000000e+00	-1.919901e+00	-9.912996e-08
-1.910000000000000e+00	-1.909904e+00	-9.567643e-08
-1.900000000000000e+00	-1.899907e+00	-9.335132e-08
-1.890000000000001e+00	-1.889908e+00	-9.178603e-08
-1.879999999999999e+00	-1.879909e+00	-9.073231e-08
-1.869999999999999e+00	-1.869910e+00	-9.002301e-08
-1.859999999999999e+00	-1.859910e+00	-8.954554e-08
-1.850000000000000e+00	-1.849911e+00	-8.922414e-08
-1.840000000000000e+00	-1.839911e+00	-8.900780e-08
-1.830000000000000e+00	-1.829911e+00	-8.886217e-08
-1.820000000000000e+00	-1.819911e+00	-8.876415e-08
-1.810000000000000e+00	-1.809911e+00	-8.869816e-08
-1.800000000000001e+00	-1.799911e+00	-8.865374e-08
-1.789999999999999e+00	-1.789911e+00	-8.862384e-08
-1.779999999999999e+00	-1.779911e+00	-8.860371e-08
-1.770000000000000e+00	-1.769911e+00	-8.859016e-08
-1.760000000000000e+00	-1.759911e+00	-8.858103e-08
-1.750000000000000e+00	-1.749911e+00	-8.857489e-08
-1.740000000000000e+00	-1.739911e+00	-8.857074e-08
-1.730000000000000e+00	-1.729911e+00	-8.856796e-08
-1.720000000000001e+00	-1.719911e+00	-8.856608e-08
-1.709999999999999e+00	-1.709911e+00	-8.856480e-08
-1.699999999999999e+00	-1.699911e+00	-8.856395e-08
-1.690000000000000e+00	-1.689911e+00	-8.856337e-08
-1.680000000000000e+00	-1.679911e+00	-8.856297e-08
-1.670000000000000e+00	-1.669911e+00	-8.856271e-08
-1.660000000000000e+00	-1.659911e+00	-8.856252e-08
-1.650000000000000e+00	-1.649911e+00	-8.856239e-08
-1.640000000000001e+00	-1.639911e+00	-8.856230e-08
-1.629999999999999e+00	-1.629911e+00	-8.856224e-08
-1.619999999999999e+00	-1.619911e+00	-8.856220e-08
-1.609999999999999e+00	-1.609911e+00	-8.856216e-08
-1.600000000000000e+00	-1.599911e+00	-8.856213e-08
-1.590000000000000e+00	-1.589911e+00	-8.856212e-08
-1.580000000000000e+00	-1.579911e+00	-8.856210e-08
-1.570000000000000e+00	-1.569911e+00	-8.856208e-08
-1.560000000000000e+00	-1.559911e+00	-8.856207e-08
-1.550000000000001e+00	-1.549911e+00	-8.856205e-08
-1.539999999999999e+00	-1.539911e+00	-8.856205e-08
-1.529999999999999e+00	-1.529911e+00	-8.856203e-08
-1.520000000000000e+00	-1.519911e+00	-8.856203e-08
-1.510000000000000e+00	-1.509911e+00	-8.856201e-08
-1.500000000000000e+00	-1.499911e+00	-8.856200e-08
-1.490000000000000e+00	-1.489911e+00	-8.856199e-08
-1.480000000000000e+00	-1.479911e+00	-8.856198e-08
-1.470000000000001e+00	-1.469911e+00	-8.856198e-08
-1.459999999999999e+00	-1.459911e+00	-8.856196e-08
-1.449999999999999e+00	-1.449911e+00	-8.856195e-08
-1.440000000000000e+00	-1.439911e+00	-8.856194e-08
-1.430000000000000e+00	-1.429911e+00	-8.856193e-08
-1.420000000000000e+00	-1.419911e+00	-8.856192e-08
-1.410000000000000e+00	-1.409911e+00	-8.856191e-08
-1.400000000000000e+00	-1.399911e+00	-8.856190e-08
-1.390000000000001e+00	-1.389911e+00	-8.856189e-08
-1.379999999999999e+00	-1.379911e+00	-8.856188e-08
-1.369999999999999e+00	-1.369911e+00	-8.856187e-08
-1.359999999999999e+00	-1.359911e+00	-8.856186e-08
-1.350000000000000e+00	-1.349911e+00	-8.856185e-08
-1.340000000000000e+00	-1.339911e+00	-8.856184e-08
-1.330000000000000e+00	-1.329911e+00	-8.856183e-08
-1.320000000000000e+00	-1.319911e+00	-8.856182e-08
-1.310000000000000e+00	-1.309911e+00	-8.856181e-08
-1.299999999999999e+00	-1.299911e+00	-8.856181e-08
-1.289999999999999e+00	-1.289911e+00	-8.856179e-08
-1.279999999999999e+00	-1.279911e+00	-8.856178e-08
-1.270000000000000e+00	-1.269911e+00	-8.856177e-08
-1.260000000000000e+00	-1.259911e+00	-8.856176e-08
-1.250000000000000e+00	-1.249911e+00	-8.856176e-08
-1.240000000000000e+00	-1.239911e+00	-8.856174e-08
-1.230000000000000e+00	-1.229911e+00	-8.856173e-08
-1.220000000000001e+00	-1.219911e+00	-8.856172e-08
-1.209999999999999e+00	-1.209911e+00	-8.856171e-08
-1.199999999999999e+00	-1.199911e+00	-8.856171e-08
-1.190000000000000e+00	-1.189911e+00	-8.856169e-08
-1.180000000000000e+00	-1.179911e+00	-8.856168e-08
-1.170000000000000e+00	-1.169911e+00	-8.856167e-08
-1.160000000000000e+00	-1.159911e+00	-8.856166e-08
-1.150000000000000e+00	-1.149911e+00	-8.856165e-08
-1.140000000000001e+00	-1.139911e+00	-8.856164e-08
-1.129999999999999e+00	-1.129911e+00	-8.856163e-08
-1.119999999999999e+00	-1.119911e+00	-8.856162e-08
-1.109999999999999e+00	-1.109911e+00	-8.856161e-08
-1.100000000000000e+00	-1.099911e+00	-8.856160e-08
-1.090000000000000e+00	-1.089911e+00	-8.856159e-08
-1.080000000000000e+00	-1.079911e+00	-8.856158e-08
-1.070000000000000e+00	-1.069911e+00	-8.856157e-08
-1.060000000000000e+00	-1.059911e+00	-8.856156e-08
-1.049999999999999e+00	-1.049911e+00	-8.856155e-08
-1.039999999999999e+00	-1.039911e+00	-8.856154e-08
-1.029999999999999e+00	-1.029911e+00	-8.856153e-08
-1.020000000000000e+00	-1.019911e+00	-8.856152e-08
-1.010000000000000e+00	-1.009911e+00	-8.856151e-08
-1.000000000000000e+00	-9.999114e-01	-8.856150e-08
-9.900000000000002e-01	-9.899114e-01	-8.856149e-08
-9.800000000000004e-01	-9.799114e-01	-8.856149e-08
-9.700000000000006e-01	-9.699115e-01	-8.856147e-08
-9.599999999999991e-01	-9.599115e-01	-8.856146e-08
-9.499999999999993e-01	-9.499114e-01	-8.856145e-08
-9.399999999999995e-01	-9.399114e-01	-8.856144e-08
-9.299999999999997e-01	-9.299114e-01	-8.856144e-08
-9.199999999999999e-01	-9.199114e-01	-8.856142e-08
-9.100000000000001e-01	-9.099115e-01	-8.856141e-08
-9.000000000000004e-01	-8.999115e-01	-8.856140e-08
-8.900000000000006e-01	-8.899114e-01	-8.856139e-08
-8.799999999999990e-01	-8.799114e-01	-8.856138e-08
-8.699999999999992e-01	-8.699114e-01	-8.856137e-08
-8.599999999999994e-01	-8.599114e-01	-8.856136e-08
-8.499999999999996e-01	-8.499115e-01	-8.856135e-08
-8.399999999999999e-01	-8.399115e-01	-8.856134e-08
-8.300000000000001e-01	-8.299114e-01	-8.856133e-08
-8.200000000000003e-01	-8.199114e-01	-8.856132e-08
-8.100000000000005e-01	-8.099114e-01	-8.856131e-08
-7.999999999999989e-01	-7.999114e-01	-8.856130e-08
-7.899999999999991e-01	-7.899114e-01	-8.856129e-08
-7.799999999999994e-01	-7.799115e-01	-8.856128e-08
-7.699999999999996e-01	-7.699115e-01	-8.856127e-08
-7.599999999999998e-01	-7.599114e-01	-8.856126e-08
-7.500000000000000e-01	-7.499114e-01	-8.856125e-08
-7.400000000000002e-01	-7.399114e-01	-8.856124e-08
-7.300000000000004e-01	-7.299114e-01	-8.856123e-08
-7.200000000000006e-01	-7.199115e-01	-8.856122e-08
-7.099999999999991e-01	-7.099115e-01	-8.856122e-08
-6.999999999999993e-01	-6.999114e-01	-8.856120e-08
-6.899999999999995e-01	-6.899114e-01	-8.856119e-08
-6.799999999999997e-01	-6.799114e-01	-8.856118e-08
-6.699999999999999e-01	-6.699114e-01	-8.856117e-08
-6.600000000000001e-01	-6.599115e-01	-8.856117e-08
-6.500000000000004e-01	-6.499115e-01	-8.856115e-08
-6.400000000000006e-01	-6.399114e-01	-8.856114e-08
-6.299999999999990e-01	-6.299114e-01	-8.856113e-08
-6.199999999999992e-01	-6.199114e-01	-8.856112e-08
-6.099999999999994e-01	-6.099114e-01	-8.856111e-08
-5.999999999999996e-01	-5.999115e-01	-8.856110e-08
-5.899999999999999e-01	-5.899115e-01	-8.856109e-08
-5.800000000000001e-01	-5.799114e-01	-8.856108e-08
-5.700000000000003e-01	-5.699114e-01	-8.856107e-08
-5.600000000000005e-01	-5.599114e-01	-8.856106e-08
-5.499999999999989e-01	-5.499114e-01	-8.856105e-08
-5.399999999999991e-01	-5.399114e-01	-8.856104e-08
-5.299999999999994e-01	-5.299115e-01	-8.856103e-08
-5.199999999999996e-01	-5.199115e-01	-8.856102e-08
-5.099999999999998e-01	-5.099114e-01	-8.856101e-08
-5.000000000000000e-01	-4.999114e-01	-8.856099e-08
-4.900000000000002e-01	-4.899114e-01	-8.856098e-08
-4.800000000000004e-01	-4.799114e-01	-8.856097e-08
-4.700000000000006e-01	-4.699114e-01	-8.856095e-08
-4.599999999999991e-01	-4.599114e-01	-8.856094e-08
-4.499999999999993e-01	-4.499114e-01	-8.856092e-08
-4.399999999999995e-01	-4.399114e-01	-8.856090e-08
-4.299999999999997e-01	-4.299114e-01	-8.856087e-08
-4.199999999999999e-01	-4.199114e-01	-8.856084e-08
-4.100000000000001e-01	-4.099115e-01	-8.856080e-08
-4.000000000000004e-01	-3.999114e-01	-8.856074e-08
-3.900000000000006e-01	-3.899114e-01	-8.856066e-08
-3.799999999999990e-01	-3.799115e-01	-8.856056e-08
-3.699999999999992e-01	-3.699114e-01	-8.856043e-08
-3.599999999999994e-01	-3.599114e-01	-8.856024e-08
-3.499999999999996e-01	-3.499115e-01	-8.855999e-08
-3.399999999999999e-01	-3.399114e-01	-8.855964e-08
-3.300000000000001e-01	-3.299114e-01	-8.855917e-08
-3.200000000000003e-01	-3.199115e-01	-8.855851e-08
-3.100000000000005e-01	-3.099114e-01	-8.855760e-08
-2.999999999999989e-01	-2.999114e-01	-8.855633e-08
-2.899999999999991e-01	-2.899114e-01	-8.855457e-08
-2.799999999999994e-01	-2.799115e-01	-8.855213e-08
-2.699999999999996e-01	-2.699114e-01	-8.854874e-08
-2.599999999999998e-01	-2.599114e-01	-8.854403e-08
-2.500000000000000e-01	-2.499115e-01	-8.853748e-08
-2.400000000000002e-01	-2.399115e-01	-8.852837e-08
-2.300000000000004e-01	-2.299115e-01	-8.851571e-08
-2.200000000000006e-01	-2.199115e-01	-8.849810e-08
-2.099999999999991e-01	-2.099115e-01	-8.847363e-08
-1.999999999999993e-01	-1.999116e-01	-8.843958e-08
-1.899999999999995e-01	-1.899116e-01	-8.839224e-08
-1.799999999999997e-01	-1.799117e-01	-8.832640e-08
-1.699999999999999e-01	-1.699118e-01	-8.823483e-08
-1.600000000000001e-01	-1.599119e-01	-8.810749e-08
-1.500000000000004e-01	-1.499121e-01	-8.793038e-08
-1.400000000000006e-01	-1.399123e-01	-8.768406e-08
-1.299999999999990e-01	-1.299127e-01	-8.734150e-08
-1.199999999999992e-01	-1.199131e-01	-8.686509e-08
-1.099999999999994e-01	-1.099138e-01	-8.620251e-08
-9.999999999999964e-02	-9.991472e-02	-8.528105e-08
-8.999999999999986e-02	-8.991600e-02	-8.399959e-08
-8.000000000000007e-02	-7.991778e-02	-8.221750e-08
-7.000000000000028e-02	-6.992026e-02	-7.973934e-08
-6.000000000000050e-02	-5.992371e-02	-7.629338e-08
-4.999999999999893e-02	-4.992850e-02	-7.150205e-08
-3.999999999999915e-02	-3.993516e-02	-6.484078e-08
-2.999999999999936e-02	-2.994442e-02	-5.558116e-08
-1.999999999999957e-02	-1.995729e-02	-4.271227e-08
-9.999999999999787e-03	-9.975168e-03	-2.483237e-08
0.000000000000000e+00	0.000000e+00	0.000000e+00
9.999999999999787e-03	9.965531e-03	3.446940e-08
1.999999999999957e-02	1.991772e-02	8.227965e-08
2.999999999999936e-02	2.985148e-02	1.485249e-07
4.000000000000092e-02	3.975982e-02	2.401815e-07
5.000000000000071e-02	4.963325e-02	3.667471e-07
6.000000000000050e-02	5.945895e-02	5.410471e-07
7.000000000000028e-02	6.921979e-02	7.802091e-07
8.000000000000007e-02	7.889324e-02	1.106764e-06
8.999999999999986e-02	8.845025e-02	1.549751e-06
9.999999999999964e-02	9.785441e-02	2.145598e-06
1.099999999999994e-01	1.070616e-01	2.938394e-06
1.200000000000010e-01	1.160209e-01	3.979068e-06
1.300000000000008e-01	1.246770e-01	5.323035e-06
1.400000000000006e-01	1.329738e-01	7.026150e-06
1.500000000000004e-01	1.408606e-01	9.139421e-06
1.600000000000001e-01	1.482964e-01	1.170355e-05
1.699999999999999e-01	1.552553e-01	1.474473e-05
1.799999999999997e-01	1.617272e-01	1.827280e-05
1.899999999999995e-01	1.677180e-01	2.228197e-05
2.000000000000011e-01	1.732464e-01	2.675364e-05
2.100000000000009e-01	1.783399e-01	3.166013e-05
2.200000000000006e-01	1.830315e-01	3.696850e-05
2.300000000000004e-01	1.873563e-01	4.264368e-05
2.400000000000002e-01	1.913492e-01	4.865078e-05
2.500000000000000e-01	1.950434e-01	5.495659e-05
2.599999999999998e-01	1.984696e-01	6.153040e-05
2.699999999999996e-01	2.016557e-01	6.834435e-05
2.799999999999994e-01	2.046265e-01	7.537351e-05
2.900000000000009e-01	2.074043e-01	8.259574e-05
3.000000000000007e-01	2.100085e-01	8.999149e-05
3.100000000000005e-01	2.124565e-01	9.754353e-05
3.200000000000003e-01	2.147633e-01	1.052367e-04
3.300000000000001e-01	2.169424e-01	1.130576e-04
3.399999999999999e-01	2.190055e-01	1.209945e-04
3.499999999999996e-01	2.209629e-01	1.290371e-04
3.599999999999994e-01	2.228240e-01	1.371760e-04
3.700000000000010e-01	2.245968e-01	1.454032e-04
3.800000000000008e-01	2.262885e-01	1.537115e-04
3.900000000000006e-01	2.279057e-01	1.620943e-04
4.000000000000004e-01	2.294540e-01	1.705460e-04
4.100000000000001e-01	2.309388e-01	1.790612e-04
4.199999999999999e-01	2.323646e-01	1.876354e-04
4.299999999999997e-01	2.337355e-01	1.962645e-04
4.399999999999995e-01	2.350555e-01	2.049445e-04
4.500000000000011e-01	2.363279e-01	2.136721e-04
4.600000000000009e-01	2.375558e-01	2.224442e-04
4.700000000000006e-01	2.387421e-01	2.312579e-04
4.800000000000004e-01	2.398893e-01	2.401107e-04
4.900000000000002e-01	2.409998e-01	2.490002e-04
5.000000000000000e-01	2.420758e-01	2.579242e-04
5.099999999999998e-01	2.431192e-01	2.668808e-04
5.199999999999996e-01	2.441319e-01	2.758681e-04
5.299999999999994e-01	2.451155e-01	2.848845e-04
5.400000000000009e-01	2.460717e-01	2.939283e-04
5.500000000000007e-01	2.470017e-01	3.029983e-04
5.600000000000005e-01	2.479071e-01	3.120929e-04
5.700000000000003e-01	2.487889e-01	3.212111e-04
5.800000000000001e-01	2.496484e-01	3.303516e-04
5.899999999999999e-01	2.504866e-01	3.395134e-04
5.999999999999996e-01	2.513045e-01	3.486955e-04
6.099999999999994e-01	2.521031e-01	3.578969e-04
6.200000000000010e-01	2.528832e-01	3.671168e-04
6.300000000000008e-01	2.536456e-01	3.763544e-04
6.400000000000006e-01	2.543911e-01	3.856089e-04
6.500000000000004e-01	2.551204e-01	3.948796e-04
6.600000000000001e-01	2.558341e-01	4.041659e-04
6.699999999999999e-01	2.565330e-01	4.134670e-04
6.799999999999997e-01	2.572176e-01	4.227824e-04
6.899999999999995e-01	2.578884e-01	4.321116e-04
7.000000000000011e-01	2.585460e-01	4.414540e-04
7.100000000000009e-01	2.591909e-01	4.508091e-04
7.200000000000006e-01	2.598236e-01	4.601764e-04
7.300000000000004e-01	2.604445e-01	4.695555e-04
7.400000000000002e-01	2.610540e-01	4.789460e-04
7.500000000000000e-01	2.616526e-01	4.883474e-04
7.599999999999998e-01	2.622406e-01	4.977594e-04
7.699999999999996e-01	2.628184e-01	5.071816e-04
7.799999999999994e-01	2.633863e-01	5.166137e-04
7.900000000000009e-01	2.639447e-01	5.260553e-04
8.000000000000007e-01	2.644938e-01	5.355062e-04
8.100000000000005e-01	2.650340e-01	5.449660e-04
8.200000000000003e-01	2.655656e-01	5.544344e-04
8.300000000000001e-01	2.660887e-01	5.639113e-04
8.399999999999999e-01	2.666038e-01	5.733962e-04
8.499999999999996e-01	2.671109e-01	5.828891e-04
8.599999999999994e-01	2.676105e-01	5.923895e-04
8.700000000000010e-01	2.681026e-01	6.018974e-04
8.800000000000008e-01	2.685875e-01	6.114125e-04
8.900000000000006e-01	2.690654e-01	6.209346e-04
9.000000000000004e-01	2.695366e-01	6.304634e-04
9.100000000000001e-01	2.700011e-01	6.399989e-04
9.199999999999999e-01	2.704592e-01	6.495408e-04
9.299999999999997e-01	2.709111e-01	6.590890e-04
9.399999999999995e-01	2.713568e-01	6.686432e-04
9.500000000000011e-01	2.717967e-01	6.782033e-04
9.600000000000009e-01	2.722308e-01	6.877692e-04
9.700000000000006e-01	2.726593e-01	6.973407e-04
9.800000000000004e-01	2.730823e-01	7.069177e-04
9.900000000000002e-01	2.735000e-01	7.165000e-04
1.000000000000000e+00	2.739125e-01	7.260875e-04
1.010000000000000e+00	2.743199e-01	7.356802e-04
1.020000000000000e+00	2.747223e-01	7.452777e-04
1.029999999999999e+00	2.751200e-01	7.548800e-04
1.040000000000001e+00	2.755129e-01	7.644871e-04
1.050000000000001e+00	2.759012e-01	7.740988e-04
1.060000000000000e+00	2.762851e-01	7.837150e-04
1.070000000000000e+00	2.766645e-01	7.933356e-04
1.080000000000000e+00	2.770396e-01	8.029604e-04
1.090000000000000e+00	2.774106e-01	8.125894e-04
1.100000000000000e+00	2.777774e-01	8.222226e-04
1.109999999999999e+00	2.781403e-01	8.318597e-04
1.120000000000001e+00	2.784992e-01	8.415008e-04
1.130000000000001e+00	2.788543e-01	8.511457e-04
1.140000000000001e+00	2.792056e-01	8.607944e-04
1.150000000000000e+00	2.795532e-01	8.704468e-04
1.160000000000000e+00	2.798973e-01	8.801027e-04
1.170000000000000e+00	2.802378e-01	8.897622e-04
1.180000000000000e+00	2.805749e-01	8.994251e-04
1.190000000000000e+00	2.809086e-01	9.090914e-04
1.200000000000001e+00	2.812389e-01	9.187611e-04
1.210000000000001e+00	2.815661e-01	9.284340e-04
1.220000000000001e+00	2.818900e-01	9.381100e-04
1.230000000000000e+00	2.822108e-01	9.477892e-04
1.240000000000000e+00	2.825286e-01	9.574714e-04
1.250000000000000e+00	2.828434e-01	9.671567e-04
1.260000000000000e+00	2.831551e-01	9.768448e-04
1.270000000000000e+00	2.834641e-01	9.865359e-04
1.279999999999999e+00	2.837702e-01	9.962298e-04
1.290000000000001e+00	2.840735e-01	1.005927e-03
1.300000000000001e+00	2.843740e-01	1.015626e-03
1.310000000000000e+00	2.846719e-01	1.025328e-03
1.320000000000000e+00	2.849672e-01	1.035033e-03
1.330000000000000e+00	2.852598e-01	1.044740e-03
1.340000000000000e+00	2.855500e-01	1.054450e-03
1.350000000000000e+00	2.858376e-01	1.064162e-03
1.359999999999999e+00	2.861228e-01	1.073877e-03
1.370000000000001e+00	2.864055e-01	1.083595e-03
1.380000000000001e+00	2.866859e-01	1.093314e-03
1.390000000000001e+00	2.869640e-01	1.103036e-03
1.400000000000000e+00	2.872398e-01	1.112760e-03
1.410000000000000e+00	2.875133e-01	1.122487e-03
1.420000000000000e+00	2.877846e-01	1.132215e-03
1.430000000000000e+00	2.880538e-01	1.141946e-03
1.440000000000000e+00	2.883207e-01	1.151679e-03
1.450000000000001e+00	2.885856e-01	1.161414e-03
1.460000000000001e+00	2.888484e-01	1.171152e-03
1.470000000000001e+00	2.891092e-01	1.180891e-03
1.480000000000000e+00	2.893680e-01	1.190632e-03
1.490000000000000e+00	2.896248e-01	1.200375e-03
1.500000000000000e+00	2.898796e-01	1.210120e-03
1.510000000000000e+00	2.901325e-01	1.219867e-03
1.520000000000000e+00	2.903835e-01	1.229616e-03
1.529999999999999e+00	2.906327e-01	1.239367e-03
1.540000000000001e+00	2.908801e-01	1.249120e-03
1.550000000000001e+00	2.911256e-01	1.258874e-03
1.560000000000000e+00	2.913693e-01	1.268631e-03
1.570000000000000e+00	2.916114e-01	1.278389e-03
1.580000000000000e+00	2.918517e-01	1.288148e-03
1.590000000000000e+00	2.920903e-01	1.297910e-03
1.600000000000000e+00	2.923272e-01	1.307673e-03
1.609999999999999e+00	2.925625e-01	1.317438e-03
1.620000000000001e+00	2.927961e-01	1.327204e-03
1.630000000000001e+00	2.930281e-01	1.336972e-03
1.640000000000001e+00	2.932586e-01	1.346741e-03
1.650000000000000e+00	2.934875e-01	1.356513e-03
1.660000000000000e+00	2.937149e-01	1.366285e-03
1.670000000000000e+00	2.939407e-01	1.376059e-03
1.680000000000000e+00	2.941651e-01	1.385835e-03
1.690000000000000e+00	2.943880e-01	1.395612e-03
1.700000000000001e+00	2.946094e-01	1.405391e-03
1.710000000000001e+00	2.948294e-01	1.415171e-03
1.720000000000001e+00	2.950479e-01	1.424952e-03
1.730000000000000e+00	2.952651e-01	1.434735e-03
1.740000000000000e+00	2.954809e-01	1.444519e-03
1.750000000000000e+00	2.956954e-01	1.454305e-03
1.760000000000000e+00	2.959085e-01	1.464092e-03
1.770000000000000e+00	2.961202e-01	1.473880e-03
1.779999999999999e+00	2.963307e-01	1.483669e-03
1.790000000000001e+00	2.965398e-01	1.493460e-03
1.800000000000001e+00	2.967477e-01	1.503252e-03
1.810000000000000e+00	2.969544e-01	1.513046e-03
1.820000000000000e+00	2.971598e-01	1.522840e-03
1.830000000000000e+00	2.973639e-01	1.532636e-03
1.840000000000000e+00	2.975669e-01	1.542433e-03
1.850000000000000e+00	2.977686e-01	1.552231e-03
1.859999999999999e+00	2.979692e-01	1.562031e-03
1.870000000000001e+00	2.981686e-01	1.571831e-03
1.880000000000001e+00	2.983668e-01	1.581633e-03
1.890000000000001e+00	2.985639e-01	1.591436e-03
1.900000000000000e+00	2.987599e-01	1.601240e-03
1.910000000000000e+00	2.989547e-01	1.611045e-03
1.920000000000000e+00	2.991485e-01	1.620851e-03
1.930000000000000e+00	2.993411e-01	1.630659e-03
1.940000000000000e+00	2.995327e-01	1.640467e-03
1.950000000000001e+00	2.997233e-01	1.650277e-03
1.960000000000001e+00	2.999128e-01	1.660087e-03
1.970000000000001e+00	3.001012e-01	1.669899e-03
1.980000000000000e+00	3.002886e-01	1.679711e-03
1.990000000000000e+00	3.004750e-01	1.689525e-03
2.000000000000000e+00	3.006604e-01	1.699340e-03
2.010000000000000e+00	3.008448e-01	1.709155e-03
2.020000000000000e+00	3.010282e-01	1.718972e-03
2.030000000000001e+00	3.012107e-01	1.728789e-03
2.040000000000001e+00	3.013921e-01	1.738608e-03
2.050000000000001e+00	3.015727e-01	1.748427e-03
2.060000000000000e+00	3.017523e-01	1.758248e-03
2.070000000000000e+00	3.019310e-01	1.768069e-03
2.080000000000000e+00	3.021087e-01	1.777891e-03
2.090000000000000e+00	3.022856e-01	1.787714e-03
2.100000000000000e+00	3.024615e-01	1.797538e-03
2.109999999999999e+00	3.026366e-01	1.807363e-03
2.120000000000001e+00	3.028107e-01	1.817189e-03
2.130000000000001e+00	3.029840e-01	1.827016e-03
2.140000000000001e+00	3.031565e-01	1.836844e-03
2.150000000000000e+00	3.033281e-01	1.846672e-03
2.160000000000000e+00	3.034988e-01	1.856501e-03
2.170000000000000e+00	3.036687e-01	1.866331e-03
2.180000000000000e+00	3.038378e-01	1.876162e-03
2.190000000000000e+00	3.040061e-01	1.885994e-03
2.200000000000001e+00	3.041735e-01	1.895826e-03
2.210000000000001e+00	3.043402e-01	1.905660e-03
2.220000000000001e+00	3.045061e-01	1.915494e-03
2.230000000000000e+00	3.046711e-01	1.925329e-03
2.240000000000000e+00	3.048354e-01	1.935165e-03
2.250000000000000e+00	3.049989e-01	1.945001e-03
2.260000000000000e+00	3.051617e-01	1.954838e-03
2.270000000000000e+00	3.053237e-01	1.964676e-03
2.280000000000001e+00	3.054850e-01	1.974515e-03
2.290000000000001e+00	3.056455e-01	1.984355e-03
2.300000000000001e+00	3.058053e-01	1.994195e-03
2.310000000000000e+00	3.059644e-01	2.004036e-03
2.320000000000000e+00	3.061227e-01	2.013877e-03
2.330000000000000e+00	3.062803e-01	2.023720e-03
2.340000000000000e+00	3.064372e-01	2.033563e-03
2.350000000000000e+00	3.065934e-01	2.043406e-03
2.359999999999999e+00	3.067490e-01	2.053251e-03
2.370000000000001e+00	3.069038e-01	2.063096e-03
2.380000000000001e+00	3.070580e-01	2.072942e-03
2.390000000000001e+00	3.072115e-01	2.082789e-03
2.400000000000000e+00	3.073643e-01	2.092636e-03
2.410000000000000e+00	3.075165e-01	2.102484e-03
2.420000000000000e+00	3.076680e-01	2.112332e-03
2.430000000000000e+00	3.078189e-01	2.122181e-03
2.440000000000000e+00	3.079691e-01	2.132031e-03
2.450000000000001e+00	3.081186e-01	2.141881e-03
2.460000000000001e+00	3.082676e-01	2.151732e-03
2.470000000000001e+00	3.084159e-01	2.161584e-03
2.480000000000000e+00	3.085636e-01	2.171436e-03
2.490000000000000e+00	3.087107e-01	2.181289e-03
2.500000000000000e+00	3.088572e-01	2.191143e-03
2.510000000000000e+00	3.090031e-01	2.200997e-03
2.520000000000000e+00	3.091483e-01	2.210852e-03
2.530000000000001e+00	3.092930e-01	2.220707e-03
2.540000000000001e+00	3.094371e-01	2.230563e-03
2.550000000000001e+00	3.095806e-01	2.240419e-03
2.560000000000000e+00	3.097236e-01	2.250277e-03
2.570000000000000e+00	3.098659e-01	2.260134e-03
2.580000000000000e+00	3.100077e-01	2.269992e-03
2.590000000000000e+00	3.101489e-01	2.279851e-03
2.600000000000000e+00	3.102896e-01	2.289710e-03
2.609999999999999e+00	3.104297e-01	2.299570e-03
2.620000000000001e+00	3.105693e-01	2.309431e-03
2.630000000000001e+00	3.107083e-01	2.319292e-03
2.640000000000001e+00	3.108467e-01	2.329153e-03
2.650000000000000e+00	3.109847e-01	2.339015e-03
2.660000000000000e+00	3.111221e-01	2.348878e-03
2.670000000000000e+00	3.112590e-01	2.358741e-03
2.680000000000000e+00	3.113953e-01	2.368605e-03
2.690000000000000e+00	3.115312e-01	2.378469e-03
2.700000000000001e+00	3.116665e-01	2.388333e-03
2.710000000000001e+00	3.118013e-01	2.398199e-03
2.720000000000001e+00	3.119356e-01	2.408064e-03
2.730000000000000e+00	3.120694e-01	2.417931e-03
2.740000000000000e+00	3.122028e-01	2.427797e-03
2.750000000000000e+00	3.123356e-01	2.437664e-03
2.760000000000000e+00	3.124679e-01	2.447532e-03
2.770000000000000e+00	3.125997e-01	2.457400e-03
2.780000000000001e+00	3.127311e-01	2.467269e-03
2.790000000000001e+00	3.128620e-01	2.477138e-03
2.800000000000001e+00	3.129924e-01	2.487008e-03
2.810000000000000e+00	3.131223e-01	2.496878e-03
2.820000000000000e+00	3.132518e-01	2.506748e-03
2.830000000000000e+00	3.133808e-01	2.516619e-03
2.840000000000000e+00	3.135093e-01	2.526491e-03
2.850000000000000e+00	3.136374e-01	2.536363e-03
2.859999999999999e+00	3.137650e-01	2.546235e-03
2.870000000000001e+00	3.138922e-01	2.556108e-03
2.880000000000001e+00	3.140190e-01	2.565981e-03
2.890000000000001e+00	3.141453e-01	2.575855e-03
2.900000000000000e+00	3.142711e-01	2.585729e-03
2.910000000000000e+00	3.143965e-01	2.595603e-03
2.920000000000000e+00	3.145215e-01	2.605479e-03
2.930000000000000e+00	3.146461e-01	2.615354e-03
2.940000000000000e+00	3.147702e-01	2.625230e-03
2.950000000000001e+00	3.148939e-01	2.635106e-03
2.960000000000001e+00	3.150172e-01	2.644983e-03
2.970000000000001e+00	3.151400e-01	2.654860e-03
2.980000000000000e+00	3.152625e-01	2.664737e-03
2.990000000000000e+00	3.153845e-01	2.674615e-03
3.000000000000000e+00	3.155062e-01	2.684494e-03
3.010000000000000e+00	3.156274e-01	2.694373e-03
3.020000000000000e+00	3.157482e-01	2.704252e-03
3.030000000000001e+00	3.158686e-01	2.714131e-03
3.040000000000001e+00	3.159887e-01	2.724011e-03
3.050000000000001e+00	3.161083e-01	2.733892e-03
3.060000000000000e+00	3.162275e-01	2.743772e-03
3.070000000000000e+00	3.163464e-01	2.753654e-03
3.080000000000000e+00	3.164648e-01	2.763535e-03
3.090000000000000e+00	3.165829e-01	2.773417e-03
3.100000000000000e+00	3.167006e-01	2.783299e-03
3.109999999999999e+00	3.168179e-01	2.793182e-03
3.120000000000001e+00	3.169349e-01	2.803065e-03
3.130000000000001e+00	3.170515e-01	2.812949e-03
3.140000000000001e+00	3.171677e-01	2.822832e-03
3.150000000000000e+00	3.172835e-01	2.832717e-03
3.160000000000000e+00	3.173990e-01	2.842601e-03
3.170000000000000e+00	3.175141e-01	2.852486e-03
3.180000000000000e+00	3.176289e-01	2.862371e-03
3.190000000000000e+00	3.177433e-01	2.872257e-03
3.200000000000001e+00	3.178573e-01	2.882143e-03
3.210000000000001e+00	3.179710e-01	2.892029e-03
3.220000000000001e+00	3.180843e-01	2.901916e-03
3.230000000000000e+00	3.181973e-01	2.911803e-03
3.240000000000000e+00	3.183100e-01	2.921690e-03
3.250000000000000e+00	3.184223e-01	2.931578e-03
3.260000000000000e+00	3.185342e-01	2.941466e-03
3.270000000000000e+00	3.186459e-01	2.951354e-03
3.280000000000001e+00	3.187571e-01	2.961243e-03
3.290000000000001e+00	3.188681e-01	2.971132e-03
3.300000000000001e+00	3.189787e-01	2.981021e-03
3.310000000000000e+00	3.190890e-01	2.990911e-03
3.320000000000000e+00	3.191990e-01	3.000801e-03
3.330000000000000e+00	3.193086e-01	3.010691e-03
3.340000000000000e+00	3.194179e-01	3.020582e-03
3.350000000000000e+00	3.195269e-01	3.030473e-03
3.359999999999999e+00	3.196356e-01	3.040364e-03
3.370000000000001e+00	3.197439e-01	3.050256e-03
3.380000000000001e+00	3.198520e-01	3.060148e-03
3.390000000000001e+00	3.199597e-01	3.070040e-03
3.400000000000000e+00	3.200671e-01	3.079933e-03
3.410000000000000e+00	3.201742e-01	3.089826e-03
3.420000000000000e+00	3.202810e-01	3.099719e-03
3.430000000000000e+00	3.203875e-01	3.109613e-03
3.440000000000000e+00	3.204937e-01	3.119506e-03
3.450000000000001e+00	3.205996e-01	3.129401e-03
3.460000000000001e+00	3.207051e-01	3.139295e-03
3.470000000000001e+00	3.208104e-01	3.149190e-03
3.480000000000000e+00	3.209154e-01	3.159085e-03
3.490000000000000e+00	3.210201e-01	3.168980e-03
3.500000000000000e+00	3.211245e-01	3.178875e-03
3.510000000000000e+00	3.212287e-01	3.188771e-03
3.520000000000000e+00	3.213325e-01	3.198667e-03
3.530000000000001e+00	3.214360e-01	3.208564e-03
3.540000000000001e+00	3.215393e-01	3.218461e-03
3.550000000000001e+00	3.216422e-01	3.228358e-03
3.560000000000000e+00	3.217449e-01	3.238255e-03
3.570000000000000e+00	3.218473e-01	3.248153e-03
3.580000000000000e+00	3.219495e-01	3.258051e-03
3.590000000000000e+00	3.220513e-01	3.267949e-03
3.600000000000000e+00	3.221529e-01	3.277847e-03
3.609999999999999e+00	3.222542e-01	3.287746e-03
3.620000000000001e+00	3.223552e-01	3.297645e-03
3.630000000000001e+00	3.224560e-01	3.307544e-03
3.640000000000001e+00	3.225565e-01	3.317443e-03
3.650000000000000e+00	3.226567e-01	3.327343e-03
3.660000000000000e+00	3.227566e-01	3.337243e-03
3.670000000000000e+00	3.228564e-01	3.347144e-03
3.680000000000000e+00	3.229558e-01	3.357044e-03
3.690000000000000e+00	3.230550e-01	3.366945e-03
3.700000000000001e+00	3.231539e-01	3.376846e-03
3.710000000000001e+00	3.232525e-01	3.386748e-03
3.720000000000001e+00	3.233509e-01	3.396649e-03
3.730000000000000e+00	3.234491e-01	3.406551e-03
3.740000000000000e+00	3.235469e-01	3.416453e-03
3.750000000000000e+00	3.236446e-01	3.426355e-03
3.760000000000000e+00	3.237420e-01	3.436258e-03
3.770000000000000e+00	3.238391e-01	3.446161e-03
3.780000000000001e+00	3.239360e-01	3.456064e-03
3.790000000000001e+00	3.240326e-01	3.465967e-03
3.800000000000001e+00	3.241290e-01	3.475871e-03
3.810000000000000e+00	3.242252e-01	3.485775e-03
3.820000000000000e+00	3.243211e-01	3.495679e-03
3.830000000000000e+00	3.244168e-01	3.505583e-03
3.840000000000000e+00	3.245122e-01	3.515488e-03
3.850000000000000e+00	3.246074e-01	3.525393e-03
3.859999999999999e+00	3.247024e-01	3.535298e-03
3.870000000000001e+00	3.247971e-01	3.545203e-03
3.880000000000001e+00	3.248916e-01	3.555109e-03
3.890000000000001e+00	3.249858e-01	3.565014e-03
3.900000000000000e+00	3.250798e-01	3.574920e-03
3.910000000000000e+00	3.251736e-01	3.584826e-03
3.920000000000000e+00	3.252672e-01	3.594733e-03
3.930000000000000e+00	3.253605e-01	3.604640e-03
3.940000000000000e+00	3.254536e-01	3.614546e-03
3.950000000000001e+00	3.255465e-01	3.624453e-03
3.960000000000001e+00	3.256392e-01	3.634361e-03
3.970000000000001e+00	3.257316e-01	3.644268e-03
3.980000000000000e+00	3.258238e-01	3.654176e-03
3.990000000000000e+00	3.259158e-01	3.664084e-03
4.000000000000000e+00	3.260075e-01	3.673992e-03
4.010000000000000e+00	3.260991e-01	3.683901e-03
4.020000000000000e+00	3.261904e-01	3.693809e-03
4.030000000000001e+00	3.262815e-01	3.703719e-03
4.040000000000001e+00	3.263724e-01	3.713628e-03
4.050000000000001e+00	3.264631e-01	3.723537e-03
4.060000000000000e+00	3.265536e-01	3.733446e-03
4.070000000000000e+00	3.266439e-01	3.743356e-03
4.080000000000000e+00	3.267339e-01	3.753266e-03
4.090000000000000e+00	3.268238e-01	3.763176e-03
4.100000000000000e+00	3.269134e-01	3.773086e-03
4.109999999999999e+00	3.270029e-01	3.782997e-03
4.120000000000001e+00	3.270921e-01	3.792908e-03
4.130000000000001e+00	3.271811e-01	3.802819e-03
4.140000000000001e+00	3.272699e-01	3.812730e-03
4.150000000000000e+00	3.273585e-01	3.822641e-03
4.160000000000000e+00	3.274469e-01	3.832553e-03
4.170000000000000e+00	3.275351e-01	3.842465e-03
4.180000000000000e+00	3.276231e-01	3.852377e-03
4.190000000000000e+00	3.277109e-01	3.862289e-03
4.200000000000001e+00	3.277985e-01	3.872202e-03
4.210000000000001e+00	3.278860e-01	3.882114e-03
4.220000000000001e+00	3.279732e-01	3.892027e-03
4.230000000000000e+00	3.280602e-01	3.901940e-03
4.240000000000000e+00	3.281470e-01	3.911853e-03
4.250000000000000e+00	3.282337e-01	3.921766e-03
4.260000000000000e+00	3.283201e-01	3.931680e-03
4.270000000000000e+00	3.284064e-01	3.941594e-03
4.280000000000001e+00	3.284924e-01	3.951508e-03
4.290000000000001e+00	3.285783e-01	3.961422e-03
4.300000000000001e+00	3.286640e-01	3.971336e-03
4.310000000000000e+00	3.287495e-01	3.981250e-03
4.320000000000000e+00	3.288348e-01	3.991165e-03
4.330000000000000e+00	3.289199e-01	4.001080e-03
4.340000000000000e+00	3.290049e-01	4.010995e-03
4.350000000000000e+00	3.290896e-01	4.020910e-03
4.359999999999999e+00	3.291742e-01	4.030826e-03
4.370000000000001e+00	3.292586e-01	4.040741e-03
4.380000000000001e+00	3.293428e-01	4.050657e-03
4.390000000000001e+00	3.294268e-01	4.060573e-03
4.400000000000000e+00	3.295107e-01	4.070489e-03
4.410000000000000e+00	3.295944e-01	4.080405e-03
4.420000000000000e+00	3.296779e-01	4.090322e-03
4.430000000000000e+00	3.297612e-01	4.100239e-03
4.440000000000000e+00	3.298443e-01	4.110156e-03
4.450000000000001e+00	3.299273e-01	4.120073e-03
4.460000000000001e+00	3.300101e-01	4.129990e-03
4.470000000000001e+00	3.300927e-01	4.139907e-03
4.480000000000000e+00	3.301752e-01	4.149825e-03
4.490000000000000e+00	3.302574e-01	4.159743e-03
4.500000000000000e+00	3.303396e-01	4.169661e-03
4.510000000000000e+00	3.304215e-01	4.179579e-03
4.520000000000000e+00	3.305033e-01	4.189497e-03
4.530000000000001e+00	3.305849e-01	4.199415e-03
4.540000000000001e+00	3.306663e-01	4.209334e-03
4.550000000000001e+00	3.307475e-01	4.219253e-03
4.560000000000000e+00	3.308286e-01	4.229171e-03
4.570000000000000e+00	3.309096e-01	4.239090e-03
4.580000000000000e+00	3.309903e-01	4.249010e-03
4.590000000000000e+00	3.310710e-01	4.258929e-03
4.600000000000000e+00	3.311514e-01	4.268849e-03
4.609999999999999e+00	3.312317e-01	4.278768e-03
4.620000000000001e+00	3.313118e-01	4.288688e-03
4.630000000000001e+00	3.313918e-01	4.298608e-03
4.640000000000001e+00	3.314715e-01	4.308528e-03
4.650000000000000e+00	3.315512e-01	4.318449e-03
4.660000000000000e+00	3.316306e-01	4.328369e-03
4.670000000000000e+00	3.317100e-01	4.338290e-03
4.680000000000000e+00	3.317891e-01	4.348211e-03
4.690000000000000e+00	3.318681e-01	4.358132e-03
4.700000000000001e+00	3.319470e-01	4.368053e-03
4.710000000000001e+00	3.320257e-01	4.377974e-03
4.720000000000001e+00	3.321042e-01	4.387896e-03
4.730000000000000e+00	3.321826e-01	4.397817e-03
4.740000000000000e+00	3.322608e-01	4.407739e-03
4.750000000000000e+00	3.323389e-01	4.417661e-03
4.760000000000000e+00	3.324169e-01	4.427583e-03
4.770000000000000e+00	3.324946e-01	4.437505e-03
4.780000000000001e+00	3.325723e-01	4.447428e-03
4.790000000000001e+00	3.326497e-01	4.457350e-03
4.800000000000001e+00	3.327271e-01	4.467273e-03
4.810000000000000e+00	3.328043e-01	4.477196e-03
4.820000000000000e+00	3.328813e-01	4.487119e-03
4.830000000000000e+00	3.329582e-01	4.497042e-03
4.840000000000000e+00	3.330349e-01	4.506965e-03
4.850000000000000e+00	3.331115e-01	4.516888e-03
4.859999999999999e+00	3.331880e-01	4.526812e-03
4.870000000000001e+00	3.332643e-01	4.536736e-03
4.880000000000001e+00	3.333404e-01	4.546660e-03
4.890000000000001e+00	3.334164e-01	4.556584e-03
4.900000000000000e+00	3.334923e-01	4.566508e-03
4.910000000000000e+00	3.335680e-01	4.576432e-03
4.920000000000000e+00	3.336436e-01	4.586356e-03
4.930000000000000e+00	3.337191e-01	4.596281e-03
4.940000000000000e+00	3.337944e-01	4.606206e-03
4.950000000000001e+00	3.338696e-01	4.616131e-03
4.960000000000001e+00	3.339446e-01	4.626055e-03
4.970000000000001e+00	3.340195e-01	4.635980e-03
4.980000000000000e+00	3.340943e-01	4.645906e-03
4.990000000000000e+00	3.341689e-01	4.655831e-03
5.000000000000000e+00	3.342434e-01	4.665757e-03
5.010000000000000e+00	3.343177e-01	4.675682e-03
5.020000000000000e+00	3.343919e-01	4.685608e-03
5.030000000000001e+00	3.344660e-01	4.695534e-03
5.040000000000001e+00	3.345399e-01	4.705460e-03
5.050000000000001e+00	3.346137e-01	4.715386e-03
5.060000000000000e+00	3.346874e-01	4.725313e-03
5.070000000000000e+00	3.347609e-01	4.735239e-03
5.080000000000000e+00	3.348343e-01	4.745166e-03
5.090000000000000e+00	3.349076e-01	4.755092e-03
5.100000000000000e+00	3.349808e-01	4.765019e-03
5.109999999999999e+00	3.350538e-01	4.774946e-03
5.120000000000001e+00	3.351266e-01	4.784873e-03
5.130000000000001e+00	3.351994e-01	4.794801e-03
5.140000000000001e+00	3.352720e-01	4.804728e-03
5.150000000000000e+00	3.353445e-01	4.814656e-03
5.160000000000000e+00	3.354169e-01	4.824583e-03
5.170000000000000e+00	3.354891e-01	4.834511e-03
5.180000000000000e+00	3.355612e-01	4.844439e-03
5.190000000000000e+00	3.356332e-01	4.854367e-03
5.200000000000001e+00	3.357051e-01	4.864295e-03
5.210000000000001e+00	3.357768e-01	4.874223e-03
5.220000000000001e+00	3.358485e-01	4.884152e-03
5.230000000000000e+00	3.359199e-01	4.894080e-03
5.240000000000000e+00	3.359913e-01	4.904008e-03
5.250000000000000e+00	3.360626e-01	4.913937e-03
5.260000000000000e+00	3.361337e-01	4.923866e-03
5.270000000000000e+00	3.362046e-01	4.933795e-03
5.280000000000001e+00	3.362755e-01	4.943724e-03
5.290000000000001e+00	3.363463e-01	4.953654e-03
5.300000000000001e+00	3.364169e-01	4.963583e-03
5.310000000000000e+00	3.364874e-01	4.973513e-03
5.320000000000000e+00	3.365578e-01	4.983442e-03
5.330000000000000e+00	3.366281e-01	4.993372e-03
5.340000000000000e+00	3.366982e-01	5.003302e-03
5.350000000000000e+00	3.367683e-01	5.013232e-03
5.359999999999999e+00	3.368382e-01	5.023162e-03
5.370000000000001e+00	3.369080e-01	5.033092e-03
5.380000000000001e+00	3.369777e-01	5.043022e-03
5.390000000000001e+00	3.370472e-01	5.052953e-03
5.400000000000000e+00	3.371167e-01	5.062883e-03
5.410000000000000e+00	3.371860e-01	5.072814e-03
5.420000000000000e+00	3.372552e-01	5.082745e-03
5.430000000000000e+00	3.373243e-01	5.092676e-03
5.440000000000000e+00	3.373933e-01	5.102606e-03
5.450000000000001e+00	3.374622e-01	5.112538e-03
5.460000000000001e+00	3.375309e-01	5.122469e-03
5.470000000000001e+00	3.375996e-01	5.132400e-03
5.480000000000000e+00	3.376681e-01	5.142332e-03
5.490000000000000e+00	3.377365e-01	5.152264e-03
5.500000000000000e+00	3.378049e-01	5.162195e-03
5.510000000000000e+00	3.378730e-01	5.172127e-03
5.520000000000000e+00	3.379411e-01	5.182059e-03
5.530000000000001e+00	3.380091e-01	5.191991e-03
5.540000000000001e+00	3.380770e-01	5.201923e-03
5.550000000000001e+00	3.381447e-01	5.211855e-03
5.560000000000000e+00	3.382124e-01	5.221788e-03
5.570000000000000e+00	3.382799e-01	5.231720e-03
5.580000000000000e+00	3.383473e-01	5.241652e-03
5.590000000000000e+00	3.384147e-01	5.251586e-03
5.600000000000000e+00	3.384819e-01	5.261518e-03
5.610000000000001e+00	3.385490e-01	5.271451e-03
5.620000000000001e+00	3.386160e-01	5.281384e-03
5.630000000000001e+00	3.386829e-01	5.291317e-03
5.640000000000001e+00	3.387496e-01	5.301250e-03
5.650000000000000e+00	3.388163e-01	5.311184e-03
5.660000000000000e+00	3.388829e-01	5.321117e-03
5.670000000000000e+00	3.389494e-01	5.331051e-03
5.680000000000000e+00	3.390158e-01	5.340984e-03
5.690000000000000e+00	3.390820e-01	5.350918e-03
5.700000000000001e+00	3.391482e-01	5.360852e-03
5.710000000000001e+00	3.392142e-01	5.370786e-03
5.720000000000001e+00	3.392802e-01	5.380720e-03
5.730000000000000e+00	3.393460e-01	5.390654e-03
5.740000000000000e+00	3.394118e-01	5.400588e-03
5.750000000000000e+00	3.394774e-01	5.410523e-03
5.760000000000000e+00	3.395430e-01	5.420457e-03
5.770000000000000e+00	3.396084e-01	5.430392e-03
5.780000000000001e+00	3.396738e-01	5.440326e-03
5.790000000000001e+00	3.397390e-01	5.450261e-03
5.800000000000001e+00	3.398041e-01	5.460196e-03
5.810000000000000e+00	3.398692e-01	5.470131e-03
5.820000000000000e+00	3.399341e-01	5.480066e-03
5.830000000000000e+00	3.399990e-01	5.490001e-03
5.840000000000000e+00	3.400637e-01	5.499936e-03
5.850000000000000e+00	3.401283e-01	5.509872e-03
5.860000000000001e+00	3.401929e-01	5.519807e-03
5.870000000000001e+00	3.402573e-01	5.529743e-03
5.880000000000001e+00	3.403217e-01	5.539679e-03
5.890000000000001e+00	3.403859e-01	5.549614e-03
5.900000000000000e+00	3.404501e-01	5.559550e-03
5.910000000000000e+00	3.405142e-01	5.569486e-03
5.920000000000000e+00	3.405781e-01	5.579422e-03
5.930000000000000e+00	3.406420e-01	5.589358e-03
5.940000000000000e+00	3.407058e-01	5.599294e-03
5.950000000000001e+00	3.407695e-01	5.609231e-03
5.960000000000001e+00	3.408331e-01	5.619167e-03
5.970000000000001e+00	3.408965e-01	5.629104e-03
5.980000000000000e+00	3.409600e-01	5.639040e-03
5.990000000000000e+00	3.410233e-01	5.648977e-03
6.000000000000000e+00	3.410865e-01	5.658913e-03
6.010000000000002e+00	3.411496e-01	5.668851e-03
6.020000000000000e+00	3.412126e-01	5.678787e-03
6.030000000000001e+00	3.412755e-01	5.688725e-03
6.039999999999999e+00	3.413384e-01	5.698662e-03
6.050000000000001e+00	3.414012e-01	5.708599e-03
6.059999999999999e+00	3.414638e-01	5.718536e-03
6.070000000000000e+00	3.415264e-01	5.728473e-03
6.080000000000002e+00	3.415889e-01	5.738411e-03
6.090000000000000e+00	3.416512e-01	5.748349e-03
6.100000000000001e+00	3.417135e-01	5.758286e-03
6.109999999999999e+00	3.417757e-01	5.768224e-03
6.120000000000001e+00	3.418379e-01	5.778162e-03
6.129999999999999e+00	3.418999e-01	5.788100e-03
6.140000000000001e+00	3.419618e-01	5.798038e-03
6.149999999999999e+00	3.420237e-01	5.807976e-03
6.160000000000000e+00	3.420855e-01	5.817914e-03
6.170000000000002e+00	3.421471e-01	5.827853e-03
6.180000000000000e+00	3.422087e-01	5.837791e-03
6.190000000000001e+00	3.422702e-01	5.847730e-03
6.199999999999999e+00	3.423316e-01	5.857668e-03
6.210000000000001e+00	3.423930e-01	5.867607e-03
6.219999999999999e+00	3.424542e-01	5.877546e-03
6.230000000000000e+00	3.425154e-01	5.887485e-03
6.240000000000002e+00	3.425764e-01	5.897424e-03
6.250000000000000e+00	3.426374e-01	5.907363e-03
6.260000000000002e+00	3.426983e-01	5.917302e-03
6.270000000000000e+00	3.427591e-01	5.927241e-03
6.280000000000001e+00	3.428199e-01	5.937180e-03
6.289999999999999e+00	3.428805e-01	5.947120e-03
6.300000000000001e+00	3.429411e-01	5.957059e-03
6.309999999999999e+00	3.430015e-01	5.966999e-03
6.320000000000000e+00	3.430619e-01	5.976938e-03
6.330000000000002e+00	3.431222e-01	5.986878e-03
6.340000000000000e+00	3.431825e-01	5.996818e-03
6.350000000000001e+00	3.432426e-01	6.006757e-03
6.359999999999999e+00	3.433027e-01	6.016697e-03
6.370000000000001e+00	3.433627e-01	6.026637e-03
6.379999999999999e+00	3.434226e-01	6.036577e-03
6.390000000000001e+00	3.434824e-01	6.046518e-03
6.399999999999999e+00	3.435421e-01	6.056458e-03
6.410000000000000e+00	3.436018e-01	6.066398e-03
6.420000000000002e+00	3.436613e-01	6.076339e-03
6.430000000000000e+00	3.437208e-01	6.086279e-03
6.440000000000001e+00	3.437802e-01	6.096220e-03
6.449999999999999e+00	3.438396e-01	6.106161e-03
6.460000000000001e+00	3.438988e-01	6.116101e-03
6.469999999999999e+00	3.439580e-01	6.126042e-03
6.480000000000000e+00	3.440171e-01	6.135983e-03
6.490000000000002e+00	3.440761e-01	6.145924e-03
6.500000000000000e+00	3.441350e-01	6.155865e-03
6.510000000000002e+00	3.441939e-01	6.165806e-03
6.520000000000000e+00	3.442526e-01	6.175747e-03
6.530000000000001e+00	3.443114e-01	6.185689e-03
6.539999999999999e+00	3.443700e-01	6.195630e-03
6.550000000000001e+00	3.444285e-01	6.205571e-03
6.559999999999999e+00	3.444870e-01	6.215513e-03
6.570000000000000e+00	3.445454e-01	6.225455e-03
6.580000000000002e+00	3.446037e-01	6.235396e-03
6.590000000000000e+00	3.446619e-01	6.245338e-03
6.600000000000001e+00	3.447201e-01	6.255280e-03
6.609999999999999e+00	3.447782e-01	6.265222e-03
6.620000000000001e+00	3.448362e-01	6.275164e-03
6.629999999999999e+00	3.448941e-01	6.285106e-03
6.640000000000001e+00	3.449520e-01	6.295048e-03
6.649999999999999e+00	3.450097e-01	6.304990e-03
6.660000000000000e+00	3.450674e-01	6.314932e-03
6.670000000000002e+00	3.451251e-01	6.324875e-03
6.680000000000000e+00	3.451826e-01	6.334818e-03
6.690000000000001e+00	3.452401e-01	6.344760e-03
6.699999999999999e+00	3.452975e-01	6.354703e-03
6.710000000000001e+00	3.453549e-01	6.364645e-03
6.719999999999999e+00	3.454121e-01	6.374588e-03
6.730000000000000e+00	3.454693e-01	6.384531e-03
6.740000000000002e+00	3.455264e-01	6.394473e-03
6.750000000000000e+00	3.455835e-01	6.404417e-03
6.760000000000002e+00	3.456404e-01	6.414359e-03
6.770000000000000e+00	3.456973e-01	6.424303e-03
6.780000000000001e+00	3.457541e-01	6.434246e-03
6.789999999999999e+00	3.458109e-01	6.444189e-03
6.800000000000001e+00	3.458676e-01	6.454132e-03
6.809999999999999e+00	3.459242e-01	6.464076e-03
6.820000000000000e+00	3.459807e-01	6.474019e-03
6.830000000000002e+00	3.460372e-01	6.483963e-03
6.840000000000000e+00	3.460936e-01	6.493906e-03
6.850000000000001e+00	3.461499e-01	6.503850e-03
6.859999999999999e+00	3.462062e-01	6.513794e-03
6.870000000000001e+00	3.462624e-01	6.523738e-03
6.879999999999999e+00	3.463185e-01	6.533681e-03
6.890000000000001e+00	3.463745e-01	6.543626e-03
6.899999999999999e+00	3.464305e-01	6.553569e-03
6.910000000000000e+00	3.464864e-01	6.563514e-03
6.920000000000002e+00	3.465422e-01	6.573458e-03
6.930000000000000e+00	3.465980e-01	6.583402e-03
6.940000000000001e+00	3.466537e-01	6.593346e-03
6.949999999999999e+00	3.467093e-01	6.603291e-03
6.960000000000001e+00	3.467649e-01	6.613235e-03
6.969999999999999e+00	3.468204e-01	6.623180e-03
6.980000000000000e+00	3.468758e-01	6.633124e-03
6.990000000000002e+00	3.469312e-01	6.643069e-03
7.000000000000000e+00	3.469865e-01	6.653014e-03
7.010000000000002e+00	3.470417e-01	6.662958e-03
7.020000000000000e+00	3.470969e-01	6.672903e-03
7.030000000000001e+00	3.471519e-01	6.682848e-03
7.039999999999999e+00	3.472070e-01	6.692793e-03
7.050000000000001e+00	3.472619e-01	6.702738e-03
7.059999999999999e+00	3.473168e-01	6.712683e-03
7.070000000000000e+00	3.473716e-01	6.722628e-03
7.080000000000002e+00	3.474264e-01	6.732574e-03
7.090000000000000e+00	3.474811e-01	6.742519e-03
7.100000000000001e+00	3.475357e-01	6.752464e-03
7.109999999999999e+00	3.475903e-01	6.762410e-03
7.120000000000001e+00	3.476447e-01	6.772355e-03
7.129999999999999e+00	3.476992e-01	6.782301e-03
7.140000000000001e+00	3.477536e-01	6.792246e-03
7.150000000000002e+00	3.478079e-01	6.802192e-03
7.160000000000000e+00	3.478621e-01	6.812138e-03
7.170000000000002e+00	3.479163e-01	6.822084e-03
7.180000000000000e+00	3.479704e-01	6.832030e-03
7.190000000000001e+00	3.480244e-01	6.841976e-03
7.199999999999999e+00	3.480784e-01	6.851922e-03
7.210000000000001e+00	3.481323e-01	6.861868e-03
7.219999999999999e+00	3.481862e-01	6.871814e-03
7.230000000000000e+00	3.482400e-01	6.881760e-03
7.240000000000002e+00	3.482937e-01	6.891706e-03
7.250000000000000e+00	3.483473e-01	6.901653e-03
7.260000000000002e+00	3.484010e-01	6.911599e-03
7.270000000000000e+00	3.484545e-01	6.921546e-03
7.280000000000001e+00	3.485080e-01	6.931492e-03
7.289999999999999e+00	3.485614e-01	6.941439e-03
7.300000000000001e+00	3.486147e-01	6.951385e-03
7.309999999999999e+00	3.486680e-01	6.961332e-03
7.320000000000000e+00	3.487213e-01	6.971279e-03
7.330000000000002e+00	3.487744e-01	6.981226e-03
7.340000000000000e+00	3.488275e-01	6.991173e-03
7.350000000000001e+00	3.488806e-01	7.001119e-03
7.359999999999999e+00	3.489336e-01	7.011067e-03
7.370000000000001e+00	3.489865e-01	7.021014e-03
7.379999999999999e+00	3.490393e-01	7.030961e-03
7.390000000000001e+00	3.490922e-01	7.040908e-03
7.400000000000002e+00	3.491449e-01	7.050855e-03
7.410000000000000e+00	3.491976e-01	7.060803e-03
7.420000000000002e+00	3.492502e-01	7.070750e-03
7.430000000000000e+00	3.493028e-01	7.080697e-03
7.440000000000001e+00	3.493553e-01	7.090645e-03
7.449999999999999e+00	3.494077e-01	7.100592e-03
7.460000000000001e+00	3.494601e-01	7.110540e-03
7.469999999999999e+00	3.495124e-01	7.120488e-03
7.480000000000000e+00	3.495647e-01	7.130435e-03
7.490000000000002e+00	3.496169e-01	7.140383e-03
7.500000000000000e+00	3.496691e-01	7.150331e-03
7.510000000000002e+00	3.497212e-01	7.160279e-03
7.520000000000000e+00	3.497732e-01	7.170227e-03
7.530000000000001e+00	3.498252e-01	7.180175e-03
7.539999999999999e+00	3.498771e-01	7.190123e-03
7.550000000000001e+00	3.499289e-01	7.200071e-03
7.559999999999999e+00	3.499807e-01	7.210019e-03
7.570000000000000e+00	3.500325e-01	7.219967e-03
7.580000000000002e+00	3.500842e-01	7.229916e-03
7.590000000000000e+00	3.501358e-01	7.239864e-03
7.600000000000001e+00	3.501874e-01	7.249813e-03
7.609999999999999e+00	3.502389e-01	7.259761e-03
7.620000000000001e+00	3.502904e-01	7.269710e-03
7.629999999999999e+00	3.503418e-01	7.279658e-03
7.640000000000001e+00	3.503931e-01	7.289607e-03
7.650000000000002e+00	3.504444e-01	7.299555e-03
7.660000000000000e+00	3.504956e-01	7.309504e-03
7.670000000000002e+00	3.505468e-01	7.319453e-03
7.680000000000000e+00	3.505979e-01	7.329402e-03
7.690000000000001e+00	3.506490e-01	7.339351e-03
7.699999999999999e+00	3.507001e-01	7.349300e-03
7.710000000000001e+00	3.507510e-01	7.359249e-03
7.719999999999999e+00	3.508019e-01	7.369198e-03
7.730000000000000e+00	3.508528e-01	7.379147e-03
7.740000000000002e+00	3.509035e-01	7.389097e-03
7.750000000000000e+00	3.509543e-01	7.399046e-03
7.760000000000002e+00	3.510050e-01	7.408995e-03
7.770000000000000e+00	3.510556e-01	7.418945e-03
7.780000000000001e+00	3.511062e-01	7.428894e-03
7.789999999999999e+00	3.511567e-01	7.438843e-03
7.800000000000001e+00	3.512072e-01	7.448793e-03
7.809999999999999e+00	3.512576e-01	7.458742e-03
7.820000000000000e+00	3.513079e-01	7.468692e-03
7.830000000000002e+00	3.513582e-01	7.478642e-03
7.840000000000000e+00	3.514085e-01	7.488592e-03
7.850000000000001e+00	3.514587e-01	7.498541e-03
7.859999999999999e+00	3.515088e-01	7.508491e-03
7.870000000000001e+00	3.515589e-01	7.518441e-03
7.879999999999999e+00	3.516090e-01	7.528391e-03
7.890000000000001e+00	3.516590e-01	7.538341e-03
7.900000000000002e+00	3.517089e-01	7.548291e-03
7.910000000000000e+00	3.517588e-01	7.558241e-03
7.920000000000002e+00	3.518086e-01	7.568191e-03
7.930000000000000e+00	3.518584e-01	7.578142e-03
7.940000000000001e+00	3.519081e-01	7.588092e-03
7.949999999999999e+00	3.519578e-01	7.598042e-03
7.960000000000001e+00	3.520074e-01	7.607993e-03
7.969999999999999e+00	3.520570e-01	7.617943e-03
7.980000000000000e+00	3.521065e-01	7.627894e-03
7.990000000000002e+00	3.521560e-01	7.637844e-03
8.000000000000000e+00	3.522054e-01	7.647795e-03
8.010000000000002e+00	3.522547e-01	7.657745e-03
8.020000000000000e+00	3.523041e-01	7.667696e-03
8.030000000000001e+00	3.523533e-01	7.677647e-03
8.039999999999999e+00	3.524025e-01	7.687598e-03
8.050000000000001e+00	3.524517e-01	7.697548e-03
8.059999999999999e+00	3.525008e-01	7.707499e-03
8.070000000000000e+00	3.525499e-01	7.717450e-03
8.080000000000002e+00	3.525989e-01	7.727401e-03
8.090000000000000e+00	3.526479e-01	7.737352e-03
8.100000000000001e+00	3.526968e-01	7.747303e-03
8.109999999999999e+00	3.527457e-01	7.757254e-03
8.120000000000001e+00	3.527945e-01	7.767206e-03
8.129999999999999e+00	3.528432e-01	7.777157e-03
8.140000000000001e+00	3.528919e-01	7.787108e-03
8.150000000000002e+00	3.529406e-01	7.797060e-03
8.160000000000000e+00	3.529892e-01	7.807011e-03
8.170000000000002e+00	3.530378e-01	7.816962e-03
8.180000000000000e+00	3.530863e-01	7.826914e-03
8.190000000000001e+00	3.531348e-01	7.836865e-03
8.199999999999999e+00	3.531832e-01	7.846816e-03
8.210000000000001e+00	3.532315e-01	7.856769e-03
8.219999999999999e+00	3.532799e-01	7.866720e-03
8.230000000000000e+00	3.533282e-01	7.876672e-03
8.240000000000002e+00	3.533764e-01	7.886624e-03
8.250000000000000e+00	3.534246e-01	7.896575e-03
8.260000000000002e+00	3.534727e-01	7.906527e-03
8.270000000000000e+00	3.535208e-01	7.916479e-03
8.280000000000001e+00	3.535688e-01	7.926431e-03
8.289999999999999e+00	3.536168e-01	7.936384e-03
8.300000000000001e+00	3.536648e-01	7.946336e-03
8.309999999999999e+00	3.537126e-01	7.956287e-03
8.320000000000000e+00	3.537605e-01	7.966240e-03
8.330000000000002e+00	3.538083e-01	7.976192e-03
8.340000000000000e+00	3.538561e-01	7.986144e-03
8.350000000000001e+00	3.539037e-01	7.996096e-03
8.359999999999999e+00	3.539514e-01	8.006048e-03
8.370000000000001e+00	3.539990e-01	8.016001e-03
8.379999999999999e+00	3.540466e-01	8.025954e-03
8.390000000000001e+00	3.540941e-01	8.035906e-03
8.400000000000002e+00	3.541416e-01	8.045859e-03
8.410000000000000e+00	3.541890e-01	8.055811e-03
8.420000000000002e+00	3.542364e-01	8.065764e-03
8.430000000000000e+00	3.542837e-01	8.075716e-03
8.440000000000001e+00	3.543310e-01	8.085669e-03
8.449999999999999e+00	3.543783e-01	8.095622e-03
8.460000000000001e+00	3.544255e-01	8.105574e-03
8.469999999999999e+00	3.544726e-01	8.115527e-03
8.480000000000000e+00	3.545197e-01	8.125480e-03
8.490000000000002e+00	3.545668e-01	8.135433e-03
8.500000000000000e+00	3.546138e-01	8.145386e-03
8.510000000000002e+00	3.546607e-01	8.155339e-03
8.520000000000000e+00	3.547077e-01	8.165292e-03
8.530000000000001e+00	3.547546e-01	8.175245e-03
8.539999999999999e+00	3.548014e-01	8.185199e-03
8.550000000000001e+00	3.548482e-01	8.195152e-03
8.559999999999999e+00	3.548949e-01	8.205105e-03
8.570000000000000e+00	3.549416e-01	8.215059e-03
8.580000000000002e+00	3.549883e-01	8.225012e-03
8.590000000000000e+00	3.550349e-01	8.234965e-03
8.600000000000001e+00	3.550815e-01	8.244919e-03
8.609999999999999e+00	3.551280e-01	8.254872e-03
8.620000000000001e+00	3.551745e-01	8.264826e-03
8.629999999999999e+00	3.552209e-01	8.274779e-03
8.640000000000001e+00	3.552673e-01	8.284733e-03
8.650000000000002e+00	3.553137e-01	8.294687e-03
8.660000000000000e+00	3.553600e-01	8.304640e-03
8.670000000000002e+00	3.554063e-01	8.314594e-03
8.680000000000000e+00	3.554525e-01	8.324548e-03
8.690000000000001e+00	3.554987e-01	8.334502e-03
8.699999999999999e+00	3.555448e-01	8.344456e-03
8.710000000000001e+00	3.555909e-01	8.354409e-03
8.719999999999999e+00	3.556370e-01	8.364363e-03
8.730000000000000e+00	3.556829e-01	8.374317e-03
8.740000000000002e+00	3.557289e-01	8.384272e-03
8.750000000000000e+00	3.557748e-01	8.394226e-03
8.760000000000002e+00	3.558207e-01	8.404179e-03
8.770000000000000e+00	3.558666e-01	8.414133e-03
8.780000000000001e+00	3.559124e-01	8.424087e-03
8.789999999999999e+00	3.559581e-01	8.434042e-03
8.800000000000001e+00	3.560038e-01	8.443996e-03
8.809999999999999e+00	3.560495e-01	8.453950e-03
8.820000000000000e+00	3.560951e-01	8.463905e-03
8.830000000000002e+00	3.561407e-01	8.473859e-03
8.840000000000000e+00	3.561862e-01	8.483814e-03
8.850000000000001e+00	3.562317e-01	8.493768e-03
8.859999999999999e+00	3.562772e-01	8.503723e-03
8.870000000000001e+00	3.563226e-01	8.513677e-03
8.879999999999999e+00	3.563680e-01	8.523632e-03
8.890000000000001e+00	3.564133e-01	8.533587e-03
8.900000000000002e+00	3.564586e-01	8.543542e-03
8.910000000000000e+00	3.565039e-01	8.553497e-03
8.920000000000002e+00	3.565491e-01	8.563451e-03
8.930000000000000e+00	3.565943e-01	8.573405e-03
8.940000000000001e+00	3.566394e-01	8.583360e-03
8.949999999999999e+00	3.566845e-01	8.593315e-03
8.960000000000001e+00	3.567296e-01	8.603270e-03
8.969999999999999e+00	3.567746e-01	8.613225e-03
8.980000000000000e+00	3.568195e-01	8.623181e-03
8.990000000000002e+00	3.568645e-01	8.633136e-03
9.000000000000000e+00	3.569094e-01	8.643091e-03
9.010000000000002e+00	3.569542e-01	8.653046e-03
9.020000000000000e+00	3.569990e-01	8.663001e-03
9.030000000000001e+00	3.570438e-01	8.672956e-03
9.039999999999999e+00	3.570885e-01	8.682911e-03
9.050000000000001e+00	3.571332e-01	8.692867e-03
9.059999999999999e+00	3.571779e-01	8.702822e-03
9.070000000000000e+00	3.572225e-01	8.712778e-03
9.080000000000002e+00	3.572671e-01	8.722733e-03
9.090000000000000e+00	3.573116e-01	8.732689e-03
9.100000000000001e+00	3.573561e-01	8.742644e-03
9.109999999999999e+00	3.574005e-01	8.752599e-03
9.120000000000001e+00	3.574449e-01	8.762555e-03
9.129999999999999e+00	3.574893e-01	8.772511e-03
9.140000000000001e+00	3.575337e-01	8.782466e-03
9.150000000000002e+00	3.575779e-01	8.792422e-03
9.160000000000000e+00	3.576222e-01	8.802378e-03
9.170000000000002e+00	3.576664e-01	8.812333e-03
9.180000000000000e+00	3.577106e-01	8.822289e-03
9.190000000000001e+00	3.577548e-01	8.832245e-03
9.199999999999999e+00	3.577989e-01	8.842201e-03
9.210000000000001e+00	3.578430e-01	8.852157e-03
9.219999999999999e+00	3.578870e-01	8.862113e-03
9.230000000000000e+00	3.579310e-01	8.872069e-03
9.240000000000002e+00	3.579749e-01	8.882025e-03
9.250000000000000e+00	3.580188e-01	8.891981e-03
9.260000000000002e+00	3.580627e-01	8.901937e-03
9.270000000000000e+00	3.581066e-01	8.911894e-03
9.280000000000001e+00	3.581504e-01	8.921850e-03
9.289999999999999e+00	3.581941e-01	8.931806e-03
9.300000000000001e+00	3.582379e-01	8.941762e-03
9.309999999999999e+00	3.582816e-01	8.951718e-03
9.320000000000000e+00	3.583252e-01	8.961675e-03
9.330000000000002e+00	3.583688e-01	8.971632e-03
9.340000000000000e+00	3.584124e-01	8.981587e-03
9.350000000000001e+00	3.584560e-01	8.991544e-03
9.359999999999999e+00	3.584994e-01	9.001501e-03
9.370000000000001e+00	3.585429e-01	9.011457e-03
9.379999999999999e+00	3.585863e-01	9.021414e-03
9.390000000000001e+00	3.586297e-01	9.031370e-03
9.400000000000002e+00	3.586731e-01	9.041327e-03
9.410000000000000e+00	3.587164e-01	9.051284e-03
9.420000000000002e+00	3.587597e-01	9.061241e-03
9.430000000000000e+00	3.588029e-01	9.071197e-03
9.440000000000001e+00	3.588462e-01	9.081154e-03
9.449999999999999e+00	3.588893e-01	9.091111e-03
9.460000000000001e+00	3.589325e-01	9.101068e-03
9.469999999999999e+00	3.589756e-01	9.111024e-03
9.480000000000000e+00	3.590187e-01	9.120981e-03
9.490000000000002e+00	3.590617e-01	9.130938e-03
9.500000000000000e+00	3.591047e-01	9.140896e-03
9.510000000000002e+00	3.591476e-01	9.150852e-03
9.520000000000000e+00	3.591906e-01	9.160809e-03
9.530000000000001e+00	3.592334e-01	9.170767e-03
9.539999999999999e+00	3.592763e-01	9.180724e-03
9.550000000000001e+00	3.593191e-01	9.190680e-03
9.559999999999999e+00	3.593619e-01	9.200638e-03
9.570000000000000e+00	3.594047e-01	9.210595e-03
9.580000000000002e+00	3.594474e-01	9.220553e-03
9.590000000000000e+00	3.594900e-01	9.230510e-03
9.600000000000001e+00	3.595327e-01	9.240467e-03
9.609999999999999e+00	3.595753e-01	9.250425e-03
9.620000000000001e+00	3.596179e-01	9.260383e-03
9.629999999999999e+00	3.596604e-01	9.270339e-03
9.640000000000001e+00	3.597029e-01	9.280297e-03
9.650000000000002e+00	3.597454e-01	9.290255e-03
9.660000000000000e+00	3.597878e-01	9.300212e-03
9.670000000000002e+00	3.598302e-01	9.310170e-03
9.680000000000000e+00	3.598725e-01	9.320128e-03
9.690000000000001e+00	3.599149e-01	9.330085e-03
9.699999999999999e+00	3.599572e-01	9.340043e-03
9.710000000000001e+00	3.599994e-01	9.350001e-03
9.719999999999999e+00	3.600416e-01	9.359959e-03
9.730000000000000e+00	3.600838e-01	9.369916e-03
9.740000000000002e+00	3.601260e-01	9.379874e-03
9.750000000000000e+00	3.601681e-01	9.389832e-03
9.760000000000002e+00	3.602102e-01	9.399789e-03
9.770000000000000e+00	3.602523e-01	9.409748e-03
9.780000000000001e+00	3.602943e-01	9.419706e-03
9.789999999999999e+00	3.603363e-01	9.429663e-03
9.800000000000001e+00	3.603782e-01	9.439622e-03
9.809999999999999e+00	3.604201e-01	9.449580e-03
9.820000000000000e+00	3.604620e-01	9.459538e-03
9.830000000000002e+00	3.605039e-01	9.469496e-03
9.840000000000000e+00	3.605457e-01	9.479455e-03
9.850000000000001e+00	3.605875e-01	9.489412e-03
9.859999999999999e+00	3.606292e-01	9.499371e-03
9.870000000000001e+00	3.606710e-01	9.509329e-03
9.879999999999999e+00	3.607126e-01	9.519287e-03
9.890000000000001e+00	3.607543e-01	9.529246e-03
9.900000000000002e+00	3.607959e-01	9.539204e-03
9.910000000000000e+00	3.608375e-01	9.549162e-03
9.920000000000002e+00	3.608791e-01	9.559121e-03
9.930000000000000e+00	3.609206e-01	9.569080e-03
9.940000000000001e+00	3.609621e-01	9.579038e-03
9.949999999999999e+00	3.610035e-01	9.588997e-03
9.960000000000001e+00	3.610449e-01	9.598955e-03
9.969999999999999e+00	3.610863e-01	9.608913e-03
9.980000000000000e+00	3.611277e-01	9.618872e-03
9.990000000000002e+00	3.611690e-01	9.628831e-03
1.000000000000000e+01	3.612103e-01	9.638790e-03
